Closeless;Further BFS;Random
nSamples;Expected MSE;MSE;Spearman Correlation;Jaccard 1%;Jaccard 5%;Expected MSE;MSE;Spearman Correlation;Jaccard 1%;Jaccard 5%;Expected MSE;MSE;Spearman Correlation;Jaccard 1%;Jaccard 5%
1;42.150000000000006;7.2830527358257005;0.43395520148334155;0.023113102209398828;0.2135911154135169;41.5;7.891346868036644;0.4569659059578368;0.028150763017339583;0.21991944888975318;41.95;8.281171081950976;0.32617940485633024;0.025341180950514245;0.18771087079762494;
2;32.00000000000001;0.7990096558554098;0.6392223919163547;0.19067372116663994;0.3545277409156444;1.475;0.8623916811091856;0.6183311286775776;0.0970484600678991;0.2913352246089764;7.55;5.131839564248577;0.49698674748926486;0.14719389300529462;0.35077370202242625;
3;21.15;0;1.0000000000000002;1.0000000000000002;1.0000000000000002;0.5666666666666667;0.41895271106709586;0.7592077318897811;0.7185448112445363;0.7105126300148589;4.883333333333333;3.746335726665015;0.4410485525828262;0.26061173035616814;0.4191826826184407;
4;13.574999999999998;0;1.0000000000000002;1.0000000000000002;1.0000000000000002;0.1625;0.1367541470661055;0.9164539060266439;0.9172307692307694;0.909955423476969;4.175;3.61756622926467;0.5670980649929909;0.18598072773980615;0.45804790145925234;
5;12.280000000000001;0;1.0000000000000002;1.0000000000000002;1.0000000000000002;0.7499999999999999;0.49846496657588507;0.6998168474375269;0.6643385133385135;0.6612916022728401;3.65;3.3015721713295365;0.49530451767343775;0.23860223016098367;0.4744464015493552;
6;10.383333333333333;0;1.0000000000000002;1.0000000000000002;1.0000000000000002;0.22499999999999998;0.1669348848724932;0.8980414025336163;0.8920361209859737;0.8853268945022291;2.1916666666666664;2.1699182966080715;0.6890166501186403;0.26328044431709613;0.541411594270375;
7;8.435714285714287;0;1.0000000000000002;1.0000000000000002;1.0000000000000002;0;0;1.0000000000000002;1.0000000000000002;1.0000000000000002;3.242857142857143;2.7988487249319136;0.4524108256947612;0.1518265801254266;0.45471911975121154;
8;7.05625;0;1.0000000000000002;1.0000000000000002;1.0000000000000002;0.03125;0.03029215152265412;0.9815481608704267;0.9747787610619473;0.9753900445765235;2.0437499999999997;1.9194726417430055;0.6601770265434449;0.23809610258349165;0.48790750123272125;
9;7.0333333333333306;0;1.0000000000000002;1.0000000000000002;1.0000000000000002;0;0;1.0000000000000002;1.0000000000000002;1.0000000000000002;1.833333333333333;1.6937360732854667;0.6407979639703929;0.2094811609064434;0.4740426517501581;
10;6.130000000000001;0;1.0000000000000002;1.0000000000000002;1.0000000000000002;0;0;1.0000000000000002;1.0000000000000002;1.0000000000000002;2.1999999999999993;1.8647685070562023;0.6479830353672663;0.20404564024780067;0.5136849728638939;
11;5.309090909090911;0;1.0000000000000002;1.0000000000000002;1.0000000000000002;0;0;1.0000000000000002;1.0000000000000002;1.0000000000000002;2.436363636363637;2.299393414211438;0.6031097002174084;0.1529838386564883;0.47035577650922916;
12;5.262499999999999;0;1.0000000000000002;1.0000000000000002;1.0000000000000002;0.03333333333333333;0.030255013617231992;0.9815237184017132;0.9747787610619473;0.9753343239227343;2.1083333333333334;1.9136915077989602;0.7190425991392703;0.18632194243959826;0.5614719138475742;
13;4.600000000000001;0;1.0000000000000002;1.0000000000000002;1.0000000000000002;0;0;1.0000000000000002;1.0000000000000002;1.0000000000000002;1.7461538461538457;1.6459395890071804;0.6617420823238208;0.1558803929072067;0.4921917502475322;
14;4.189285714285715;0;1.0000000000000002;1.0000000000000002;1.0000000000000002;0;0;1.0000000000000002;1.0000000000000002;1.0000000000000002;1.325;1.243946521416192;0.735985546512644;0.21291949018303502;0.5459509658246657;
15;4.29;0;1.0000000000000002;1.0000000000000002;1.0000000000000002;0;0;1.0000000000000002;1.0000000000000002;1.0000000000000002;1.6399999999999997;1.5632458529338944;0.6622042814782623;0.29625928920699485;0.5420985736380415;
16;3.7812500000000013;0;1.0000000000000002;1.0000000000000002;1.0000000000000002;0;0;1.0000000000000002;1.0000000000000002;1.0000000000000002;0.890625;0.8629239910869027;0.7852799931550715;0.2513517214421486;0.5622997780696308;
17;3.9000000000000012;0;1.0000000000000002;1.0000000000000002;1.0000000000000002;0.029411764705882353;0.03023025501361723;0.9815606218348966;0.9747787610619472;0.9753528974739973;1.5970588235294119;1.477469670710572;0.6682706002166399;0.21769283784639998;0.5243256495362667;
18;3.5249999999999986;0;1.0000000000000002;1.0000000000000002;1.0000000000000002;0;0;1.0000000000000002;1.0000000000000002;1.0000000000000002;1.002777777777778;0.9850210448130727;0.7551726690142433;0.37897360757027365;0.625340337652177;
19;3.1236842105263167;0;1.0000000000000002;1.0000000000000002;1.0000000000000002;0;0;1.0000000000000002;1.0000000000000002;1.0000000000000002;1.1026315789473684;1.0890071799950485;0.7345939351441297;0.1778073107239492;0.5267634256302322;
20;3.212500000000001;0;1.0000000000000002;1.0000000000000002;1.0000000000000002;0.027500000000000004;0.030217875711809856;0.9815525065635732;0.9747787610619473;0.9753343239227344;1.1099999999999999;1.0288932904184207;0.7609967086826313;0.26448336362075064;0.574498514115899;
21;3.02142857142857;0;1.0000000000000002;1.0000000000000002;1.0000000000000002;0;0;1.0000000000000002;1.0000000000000002;1.0000000000000002;1.0666666666666667;1.01142609556821;0.7730728112060141;0.28572671809379;0.5939635958395246;
22;2.6750000000000007;0;1.0000000000000002;1.0000000000000002;1.0000000000000002;0;0;1.0000000000000002;1.0000000000000002;1.0000000000000002;1.2840909090909094;1.1790418420401085;0.7564199110594677;0.3072938218923683;0.5961924219910848;
23;2.767391304347827;0;1.0000000000000002;1.0000000000000002;1.0000000000000002;0;0;1.0000000000000002;1.0000000000000002;1.0000000000000002;0.9086956521739133;0.9235330527358256;0.8198762170502103;0.4181961939392563;0.6562407132243686;
25;2.354000000000001;0;1.0000000000000002;1.0000000000000002;1.0000000000000002;0.064;0.06031195840554593;0.9630757821479835;0.9486725663716817;0.9505757800891534;1.0140000000000002;0.8824337707353307;0.8038121523332906;0.26397033852922347;0.5909175334323924;
26;2.282692307692308;0;1.0000000000000002;1.0000000000000002;1.0000000000000002;0.032692307692307694;0.030143599900965583;0.9815654610159127;0.9747787610619473;0.9752971768202084;0.8653846153846154;0.8155607823718743;0.8255649844998258;0.3405727079534515;0.638853883650973;
27;2.3203703703703704;0;1.0000000000000002;1.0000000000000002;1.0000000000000002;0;0;1.0000000000000002;1.0000000000000002;1.0000000000000002;0.9518518518518518;0.8876330774944292;0.786476840905983;0.33634152910004217;0.6266370536243714;
28;2.1517857142857144;0;1.0000000000000002;1.0000000000000002;1.0000000000000002;0;0;1.0000000000000002;1.0000000000000002;1.0000000000000002;1.0214285714285714;0.9799702896756622;0.824379080103933;0.3037765132249137;0.6389301634472513;
30;2.111666666666667;0;1.0000000000000002;1.0000000000000002;1.0000000000000002;0.023333333333333334;0.018754642238177764;0.9922602393871827;0.9539844851904093;0.9763372956909364;0.8516666666666669;0.80023520673434;0.7619358102225788;0.41173896666484294;0.6245356612184251;
31;1.8661290322580646;0;1.0000000000000002;1.0000000000000002;1.0000000000000002;0;0;1.0000000000000002;1.0000000000000002;1.0000000000000002;0.5661290322580644;0.5512255508789304;0.8420367769529945;0.2843406677525598;0.6183878157503716;
33;1.9484848484848478;0;1.0000000000000002;1.0000000000000002;1.0000000000000002;0;0;1.0000000000000002;1.0000000000000002;1.0000000000000002;0.8257575757575759;0.7920648675414708;0.7666151895143158;0.40334430319802234;0.6198922734026746;
34;1.6970588235294115;0;1.0000000000000002;1.0000000000000002;1.0000000000000002;0;0;1.0000000000000002;1.0000000000000002;1.0000000000000002;0.7823529411764707;0.7147189898489724;0.8002675000692507;0.5358567548463026;0.6910289747399704;
36;1.7819444444444437;0;1.0000000000000002;1.0000000000000002;1.0000000000000002;0;0;1.0000000000000002;1.0000000000000002;1.0000000000000002;0.4944444444444444;0.4741272592225798;0.8414453855406374;0.5557032338715112;0.7078380386329869;
38;1.6776315789473686;0;1.0000000000000002;1.0000000000000002;1.0000000000000002;0;0;1.0000000000000002;1.0000000000000002;1.0000000000000002;0.5592105263157895;0.5150408516959643;0.831315894107421;0.5643093990286725;0.7173291233283805;
39;1.6410256410256407;0;1.0000000000000002;1.0000000000000002;1.0000000000000002;0;0;1.0000000000000002;1.0000000000000002;1.0000000000000002;0.7461538461538463;0.7215647437484527;0.8028520625720243;0.46739715568714457;0.6682206537890046;
41;1.532926829268293;0;1.0000000000000002;1.0000000000000002;1.0000000000000002;0;0;1.0000000000000002;1.0000000000000002;1.0000000000000002;0.46341463414634154;0.4535652389205249;0.8169075031764486;0.47788736530338716;0.6707466567607727;
43;1.4779069767441861;0;1.0000000000000002;1.0000000000000002;1.0000000000000002;0;0;1.0000000000000002;1.0000000000000002;1.0000000000000002;0.41976744186046505;0.40243872245605344;0.853430531323216;0.41793385686191314;0.6684249628528977;
45;1.4044444444444444;0;1.0000000000000002;1.0000000000000002;1.0000000000000002;0;0;1.0000000000000002;1.0000000000000002;1.0000000000000002;0.26666666666666666;0.24701658826442185;0.8856608706518494;0.48950964131127117;0.7130014858841013;
47;1.2021276595744679;0;1.0000000000000002;1.0000000000000002;1.0000000000000002;0;0;1.0000000000000002;1.0000000000000002;1.0000000000000002;0.4095744680851064;0.39715276058430304;0.8729763685375991;0.6083293005006878;0.7623885586924222;
50;1.131;0;1.0000000000000002;1.0000000000000002;1.0000000000000002;0;0;1.0000000000000002;1.0000000000000002;1.0000000000000002;0.301;0.2872740777420153;0.9183753129525912;0.5859547452230698;0.785159732540862;
52;1.0961538461538465;0;1.0000000000000002;1.0000000000000002;1.0000000000000002;0;0;1.0000000000000002;1.0000000000000002;1.0000000000000002;0.5086538461538461;0.46645209210200544;0.8950001757631421;0.6028481367538512;0.7818350668647849;
54;1.1907407407407409;0;1.0000000000000002;1.0000000000000002;1.0000000000000002;0;0;1.0000000000000002;1.0000000000000002;1.0000000000000002;0.2722222222222222;0.26591978212428824;0.9031832031287215;0.5103880064118907;0.7367570579494801;
57;1.1228070175438591;0;1.0000000000000002;1.0000000000000002;1.0000000000000002;0;0;1.0000000000000002;1.0000000000000002;1.0000000000000002;0.2675438596491228;0.2464595196830899;0.8782587424078396;0.5653306135770666;0.7398216939078754;
60;1.0475;0;1.0000000000000002;1.0000000000000002;1.0000000000000002;0;0;1.0000000000000002;1.0000000000000002;1.0000000000000002;0.55;0.5480069324090121;0.8663213461665894;0.35238617555430074;0.6637815750371473;
63;1.0142857142857145;0;1.0000000000000002;1.0000000000000002;1.0000000000000002;0;0;1.0000000000000002;1.0000000000000002;1.0000000000000002;0.24444444444444444;0.22724684327803912;0.8932818228175575;0.5352076889148369;0.7353268945022291;
66;0.9575757575757573;0;1.0000000000000002;1.0000000000000002;1.0000000000000002;0;0;1.0000000000000002;1.0000000000000002;1.0000000000000002;0.19166666666666665;0.18611042337212183;0.9227327401604549;0.5400995106660791;0.7617013372956911;
69;0.9333333333333335;0;1.0000000000000002;1.0000000000000002;1.0000000000000002;0;0;1.0000000000000002;1.0000000000000002;1.0000000000000002;0.12608695652173912;0.12283981183461253;0.9428500643601658;0.7448512416162495;0.8556835066864787;
72;0.870833333333333;0;1.0000000000000002;1.0000000000000002;1.0000000000000002;0;0;1.0000000000000002;1.0000000000000002;1.0000000000000002;0.15694444444444447;0.160051993067591;0.9274061299483263;0.6528825827858133;0.808005200594354;
75;0.8539999999999999;0;1.0000000000000002;1.0000000000000002;1.0000000000000002;0;0;1.0000000000000002;1.0000000000000002;1.0000000000000002;0.23533333333333334;0.22733349839069078;0.9183862997501928;0.6021273686617546;0.7827451708766718;
79;0.7607594936708859;0;1.0000000000000002;1.0000000000000002;1.0000000000000002;0;0;1.0000000000000002;1.0000000000000002;1.0000000000000002;0.08101265822784809;0.07412725922257984;0.9690606354213108;0.816108555666604;0.9042347696879646;
83;0.6867469879518072;0;1.0000000000000002;1.0000000000000002;1.0000000000000002;0;0;1.0000000000000002;1.0000000000000002;1.0000000000000002;0.16506024096385544;0.1594206486754147;0.9273224435947944;0.6525464632770241;0.8070765230312038;
87;0.7385057471264367;0;1.0000000000000002;1.0000000000000002;1.0000000000000002;0;0;1.0000000000000002;1.0000000000000002;1.0000000000000002;0.18448275862068964;0.18530576875464222;0.9226317184777209;0.5403029082901035;0.760382615156018;
91;0.6478021978021977;0;1.0000000000000002;1.0000000000000002;1.0000000000000002;0;0;1.0000000000000002;1.0000000000000002;1.0000000000000002;0.1543956043956044;0.15186927457291408;0.9243341730276182;0.7179663634573527;0.8297734026745917;
95;0.6557894736842104;0;1.0000000000000002;1.0000000000000002;1.0000000000000002;0.03105263157894737;0.029623669225055705;0.9815322812045509;0.974336283185841;0.9748514115898963;0.11105263157894736;0.10341668729883634;0.9506656556501358;0.7896231639516093;0.8787518573551266;
100;0.6185000000000003;0;1.0000000000000002;1.0000000000000002;1.0000000000000002;0;0;1.0000000000000002;1.0000000000000002;1.0000000000000002;0.19899999999999995;0.20313196335726666;0.9150685973332173;0.49439919211311173;0.735995542347697;
104;0.5557692307692308;0;1.0000000000000002;1.0000000000000002;1.0000000000000002;0;0;1.0000000000000002;1.0000000000000002;1.0000000000000002;0.13701923076923075;0.12896756622926467;0.9458313551406577;0.6783718674501963;0.8312407132243689;
109;0.5775229357798165;0;1.0000000000000002;1.0000000000000002;1.0000000000000002;0;0;1.0000000000000002;1.0000000000000002;1.0000000000000002;0.07293577981651377;0.07374350086655113;0.9691256695432623;0.8161718285752547;0.9038261515601786;
114;0.531578947368421;0;1.0000000000000002;1.0000000000000002;1.0000000000000002;0;0;1.0000000000000002;1.0000000000000002;1.0000000000000002;0.08903508771929824;0.09212676405050756;0.9613995247816584;0.7702395190101587;0.8796248142644877;
120;0.52125;0;1.0000000000000002;1.0000000000000002;1.0000000000000002;0;0;1.0000000000000002;1.0000000000000002;1.0000000000000002;0.05541666666666667;0.05513741025006189;0.9768055995265458;0.862188467590478;0.9274888558692425;
125;0.4524;0;1.0000000000000002;1.0000000000000002;1.0000000000000002;0;0;1.0000000000000002;1.0000000000000002;1.0000000000000002;0.09;0.09185441941074524;0.9614394144577192;0.770283056512131;0.8793462109955427;
131;0.49198473282442756;0;1.0000000000000002;1.0000000000000002;1.0000000000000002;0;0;1.0000000000000002;1.0000000000000002;1.0000000000000002;0.07709923664122137;0.07321119088883388;0.969176300920067;0.8162914070348999;0.9030646359583956;
138;0.43007246376811603;0;1.0000000000000002;1.0000000000000002;1.0000000000000002;0;0;1.0000000000000002;1.0000000000000002;1.0000000000000002;0.0677536231884058;0.07339688041594454;0.9691259970593641;0.8162562551321089;0.9032875185735516;
144;0.43645833333333317;0;1.0000000000000002;1.0000000000000002;1.0000000000000002;0;0;1.0000000000000002;1.0000000000000002;1.0000000000000002;0.053125000000000006;0.05488982421391434;0.9768245750364657;0.8622089441680785;0.9273588410104016;
151;0.3966887417218543;0;1.0000000000000002;1.0000000000000002;1.0000000000000002;0;0;1.0000000000000002;1.0000000000000002;1.0000000000000002;0.07781456953642384;0.07280267392919039;0.9691279294416053;0.8163976159048866;0.9023959881129275;
158;0.3509493670886076;0;1.0000000000000002;1.0000000000000002;1.0000000000000002;0;0;1.0000000000000002;1.0000000000000002;1.0000000000000002;0.042405063291139244;0.03619707848477346;0.9845937065114757;0.9082512404573033;0.9508729569093615;
165;0.38181818181818195;0;1.0000000000000002;1.0000000000000002;1.0000000000000002;0;0;1.0000000000000002;1.0000000000000002;1.0000000000000002;0.021212121212121213;0.018061401336964593;0.9922648664024251;0.9541361639824307;0.9753714710252603;
173;0.34450867052023115;0;1.0000000000000002;1.0000000000000002;1.0000000000000002;0;0;1.0000000000000002;1.0000000000000002;1.0000000000000002;0.01531791907514451;0.018271849467690022;0.9922720093447691;0.9540853217642808;0.9756872213967314;
181;0.33176795580110485;0;1.0000000000000002;1.0000000000000002;1.0000000000000002;0;0;1.0000000000000002;1.0000000000000002;1.0000000000000002;0.018508287292817678;0.01809853924238673;0.992321568530639;0.9540942028985511;0.9756315007429424;
190;0.3586842105263158;0;1.0000000000000002;1.0000000000000002;1.0000000000000002;0;0;1.0000000000000002;1.0000000000000002;1.0000000000000002;0.03710526315789474;0.03611042337212181;0.9845955348440412;0.9082392078681555;0.9509472511144134;
199;0.36030150753768836;0;1.0000000000000002;1.0000000000000002;1.0000000000000002;0;0;1.0000000000000002;1.0000000000000002;1.0000000000000002;0.034673366834170855;0.03611042337212181;0.9846024375423359;0.9082573493054646;0.9508358098068355;
208;0.3579326923076922;0;1.0000000000000002;1.0000000000000002;1.0000000000000002;0;0;1.0000000000000002;1.0000000000000002;1.0000000000000002;0.018028846153846152;0.017999504827927705;0.9923106809971352;0.9541483113069019;0.9752971768202083;
218;0.3355504587155962;0;1.0000000000000002;1.0000000000000002;1.0000000000000002;0;0;1.0000000000000002;1.0000000000000002;1.0000000000000002;0.03761467889908257;0.035825699430552124;0.9846241165203699;0.9083272330350164;0.9504086181277864;
229;0.36069868995633186;0;1.0000000000000002;1.0000000000000002;1.0000000000000002;0;0;1.0000000000000002;1.0000000000000002;1.0000000000000002;0;0;1.0000000000000002;1.0000000000000002;1.0000000000000002;
239;0.3374476987447699;0;1.0000000000000002;1.0000000000000002;1.0000000000000002;0;0;1.0000000000000002;1.0000000000000002;1.0000000000000002;0;0;1.0000000000000002;1.0000000000000002;1.0000000000000002;
251;0.34860557768924305;0;1.0000000000000002;1.0000000000000002;1.0000000000000002;0;0;1.0000000000000002;1.0000000000000002;1.0000000000000002;0;0;1.0000000000000002;1.0000000000000002;1.0000000000000002;
263;0.35551330798479097;0;1.0000000000000002;1.0000000000000002;1.0000000000000002;0;0;1.0000000000000002;1.0000000000000002;1.0000000000000002;0;0;1.0000000000000002;1.0000000000000002;1.0000000000000002;
275;0.37672727272727263;0;1.0000000000000002;1.0000000000000002;1.0000000000000002;0;0;1.0000000000000002;1.0000000000000002;1.0000000000000002;0.020363636363636365;0.01750433275563258;0.9923579157871641;0.9542353823088459;0.9747771173848443;
288;0.35885416666666664;0;1.0000000000000002;1.0000000000000002;1.0000000000000002;0;0;1.0000000000000002;1.0000000000000002;1.0000000000000002;0;0;1.0000000000000002;1.0000000000000002;1.0000000000000002;
301;0.37790697674418605;0;1.0000000000000002;1.0000000000000002;1.0000000000000002;0;0;1.0000000000000002;1.0000000000000002;1.0000000000000002;0.018936877076411958;0.01751671205743996;0.9923411158746158;0.9542481203007522;0.9747028231797924;
316;0.37832278481012654;0;1.0000000000000002;1.0000000000000002;1.0000000000000002;0;0;1.0000000000000002;1.0000000000000002;1.0000000000000002;0.014715189873417722;0.0177766773953949;0.9923363120140538;0.954191394658754;0.9750371471025263;
331;0.37311178247734145;0;1.0000000000000002;1.0000000000000002;1.0000000000000002;0;0;1.0000000000000002;1.0000000000000002;1.0000000000000002;0.019788519637462233;0.017306263926714534;0.9923691337416308;0.9542900531511014;0.9744613670133734;
346;0.3760115606936416;0;1.0000000000000002;1.0000000000000002;1.0000000000000002;0;0;1.0000000000000002;1.0000000000000002;1.0000000000000002;0;0;1.0000000000000002;1.0000000000000002;1.0000000000000002;
363;0.3852617079889808;0;1.0000000000000002;1.0000000000000002;1.0000000000000002;0;0;1.0000000000000002;1.0000000000000002;1.0000000000000002;0;0;1.0000000000000002;1.0000000000000002;1.0000000000000002;
380;0.3903947368421052;0;1.0000000000000002;1.0000000000000002;1.0000000000000002;0;0;1.0000000000000002;1.0000000000000002;1.0000000000000002;0.019473684210526317;0.017058677890566972;0.9924786252364822;0.9543129770992369;0.9743313521545323;
398;0.42537688442211063;0;1.0000000000000002;1.0000000000000002;1.0000000000000002;0;0;1.0000000000000002;1.0000000000000002;1.0000000000000002;0;0;1.0000000000000002;1.0000000000000002;1.0000000000000002;
416;0.4562500000000001;0;1.0000000000000002;1.0000000000000002;1.0000000000000002;0;0;1.0000000000000002;1.0000000000000002;1.0000000000000002;0;0;1.0000000000000002;1.0000000000000002;1.0000000000000002;
436;0.47431192660550464;0;1.0000000000000002;1.0000000000000002;1.0000000000000002;0;0;1.0000000000000002;1.0000000000000002;1.0000000000000002;0;0;1.0000000000000002;1.0000000000000002;1.0000000000000002;
457;0.5194748358862145;0;1.0000000000000002;1.0000000000000002;1.0000000000000002;0;0;1.0000000000000002;1.0000000000000002;1.0000000000000002;0;0;1.0000000000000002;1.0000000000000002;1.0000000000000002;
478;0.5265690376569039;0;1.0000000000000002;1.0000000000000002;1.0000000000000002;0;0;1.0000000000000002;1.0000000000000002;1.0000000000000002;0;0;1.0000000000000002;1.0000000000000002;1.0000000000000002;
501;0.8407185628742515;0;1.0000000000000002;1.0000000000000002;1.0000000000000002;0;0;1.0000000000000002;1.0000000000000002;1.0000000000000002;0;0;1.0000000000000002;1.0000000000000002;1.0000000000000002;
524;0.5590648854961832;0;1.0000000000000002;1.0000000000000002;1.0000000000000002;0.02032442748091603;0.0162540232730874;0.9925501129822326;0.9545019920318729;0.9733098068350673;0;0;1.0000000000000002;1.0000000000000002;1.0000000000000002;
549;0.5793260473588343;0;1.0000000000000002;1.0000000000000002;1.0000000000000002;0;0;1.0000000000000002;1.0000000000000002;1.0000000000000002;0;0;1.0000000000000002;1.0000000000000002;1.0000000000000002;
575;0.6130434782608697;0;1.0000000000000002;1.0000000000000002;1.0000000000000002;0;0;1.0000000000000002;1.0000000000000002;1.0000000000000002;0;0;1.0000000000000002;1.0000000000000002;1.0000000000000002;
602;0.6275747508305648;0;1.0000000000000002;1.0000000000000002;1.0000000000000002;0;0;1.0000000000000002;1.0000000000000002;1.0000000000000002;0;0;1.0000000000000002;1.0000000000000002;1.0000000000000002;
630;0.634920634920635;0;1.0000000000000002;1.0000000000000002;1.0000000000000002;0;0;1.0000000000000002;1.0000000000000002;1.0000000000000002;0;0;1.0000000000000002;1.0000000000000002;1.0000000000000002;
660;0.7367424242424241;0;1.0000000000000002;1.0000000000000002;1.0000000000000002;0;0;1.0000000000000002;1.0000000000000002;1.0000000000000002;0;0;1.0000000000000002;1.0000000000000002;1.0000000000000002;
691;0.8157018813314039;0;1.0000000000000002;1.0000000000000002;1.0000000000000002;0;0;1.0000000000000002;1.0000000000000002;1.0000000000000002;0;0;1.0000000000000002;1.0000000000000002;1.0000000000000002;
724;0.7013812154696132;0;1.0000000000000002;1.0000000000000002;1.0000000000000002;0;0;1.0000000000000002;1.0000000000000002;1.0000000000000002;0;0;1.0000000000000002;1.0000000000000002;1.0000000000000002;
758;0.7600923482849603;0;1.0000000000000002;1.0000000000000002;1.0000000000000002;0.02183377308707124;0.014793265659816788;0.9927905045453881;0.9548791018998276;0.971508172362556;0;0;1.0000000000000002;1.0000000000000002;1.0000000000000002;
794;0.8350125944584381;0;1.0000000000000002;1.0000000000000002;1.0000000000000002;0;0;1.0000000000000002;1.0000000000000002;1.0000000000000002;0;0;1.0000000000000002;1.0000000000000002;1.0000000000000002;
831;0.9025872442839953;0;1.0000000000000002;1.0000000000000002;1.0000000000000002;0;0;1.0000000000000002;1.0000000000000002;1.0000000000000002;0;0;1.0000000000000002;1.0000000000000002;1.0000000000000002;
870;0.9613793103448276;0;1.0000000000000002;1.0000000000000002;1.0000000000000002;0;0;1.0000000000000002;1.0000000000000002;1.0000000000000002;0;0;1.0000000000000002;1.0000000000000002;1.0000000000000002;
912;1.0323464912280704;0;1.0000000000000002;1.0000000000000002;1.0000000000000002;0;0;1.0000000000000002;1.0000000000000002;1.0000000000000002;0;0;1.0000000000000002;1.0000000000000002;1.0000000000000002;
954;1.0812368972746331;0;1.0000000000000002;1.0000000000000002;1.0000000000000002;0;0;1.0000000000000002;1.0000000000000002;1.0000000000000002;0;0;1.0000000000000002;1.0000000000000002;1.0000000000000002;
1000;1.1494499999999999;0;1.0000000000000002;1.0000000000000002;1.0000000000000002;0;0;1.0000000000000002;1.0000000000000002;1.0000000000000002;0;0;1.0000000000000002;1.0000000000000002;1.0000000000000002;
1047;1.1924546322827123;0;1.0000000000000002;1.0000000000000002;1.0000000000000002;0;0;1.0000000000000002;1.0000000000000002;1.0000000000000002;0;0;1.0000000000000002;1.0000000000000002;1.0000000000000002;
1096;1.241605839416058;0;1.0000000000000002;1.0000000000000002;1.0000000000000002;0;0;1.0000000000000002;1.0000000000000002;1.0000000000000002;0;0;1.0000000000000002;1.0000000000000002;1.0000000000000002;
1148;1.2974303135888503;0;1.0000000000000002;1.0000000000000002;1.0000000000000002;0;0;1.0000000000000002;1.0000000000000002;1.0000000000000002;0;0;1.0000000000000002;1.0000000000000002;1.0000000000000002;
1202;1.3379783693843597;0;1.0000000000000002;1.0000000000000002;1.0000000000000002;0;0;1.0000000000000002;1.0000000000000002;1.0000000000000002;0;0;1.0000000000000002;1.0000000000000002;1.0000000000000002;
1258;1.3805246422893482;0;1.0000000000000002;1.0000000000000002;1.0000000000000002;0;0;1.0000000000000002;1.0000000000000002;1.0000000000000002;0;0;1.0000000000000002;1.0000000000000002;1.0000000000000002;
1318;1.4192716236722305;0;1.0000000000000002;1.0000000000000002;1.0000000000000002;0;0;1.0000000000000002;1.0000000000000002;1.0000000000000002;0;0;1.0000000000000002;1.0000000000000002;1.0000000000000002;
1380;1.4596014492753626;0;1.0000000000000002;1.0000000000000002;1.0000000000000002;0;0;1.0000000000000002;1.0000000000000002;1.0000000000000002;0;0;1.0000000000000002;1.0000000000000002;1.0000000000000002;
1445;1.4902768166089966;0;1.0000000000000002;1.0000000000000002;1.0000000000000002;0;0;1.0000000000000002;1.0000000000000002;1.0000000000000002;0;0;1.0000000000000002;1.0000000000000002;1.0000000000000002;
1513;1.5184071381361532;0;1.0000000000000002;1.0000000000000002;1.0000000000000002;0;0;1.0000000000000002;1.0000000000000002;1.0000000000000002;0;0;1.0000000000000002;1.0000000000000002;1.0000000000000002;
1584;1.5452967171717176;0;1.0000000000000002;1.0000000000000002;1.0000000000000002;0;0;1.0000000000000002;1.0000000000000002;1.0000000000000002;0;0;1.0000000000000002;1.0000000000000002;1.0000000000000002;
1659;1.570946353224834;0;1.0000000000000002;1.0000000000000002;1.0000000000000002;0;0;1.0000000000000002;1.0000000000000002;1.0000000000000002;0;0;1.0000000000000002;1.0000000000000002;1.0000000000000002;
1737;1.5977547495682212;0;1.0000000000000002;1.0000000000000002;1.0000000000000002;0;0;1.0000000000000002;1.0000000000000002;1.0000000000000002;0;0;1.0000000000000002;1.0000000000000002;1.0000000000000002;
1819;1.6211105002748767;0;1.0000000000000002;1.0000000000000002;1.0000000000000002;0;0;1.0000000000000002;1.0000000000000002;1.0000000000000002;0;0;1.0000000000000002;1.0000000000000002;1.0000000000000002;
1905;1.6426246719160105;0;1.0000000000000002;1.0000000000000002;1.0000000000000002;0;0;1.0000000000000002;1.0000000000000002;1.0000000000000002;0;0;1.0000000000000002;1.0000000000000002;1.0000000000000002;
1995;1.6638847117794484;0;1.0000000000000002;1.0000000000000002;1.0000000000000002;0;0;1.0000000000000002;1.0000000000000002;1.0000000000000002;0;0;1.0000000000000002;1.0000000000000002;1.0000000000000002;
2089;1.7397558640497852;0;1.0000000000000002;1.0000000000000002;1.0000000000000002;0;0;1.0000000000000002;1.0000000000000002;1.0000000000000002;0;0;1.0000000000000002;1.0000000000000002;1.0000000000000002;
2187;1.93278463648834;0;1.0000000000000002;1.0000000000000002;1.0000000000000002;0;0;1.0000000000000002;1.0000000000000002;1.0000000000000002;0;0;1.0000000000000002;1.0000000000000002;1.0000000000000002;
2290;2.1230349344978166;0;1.0000000000000002;1.0000000000000002;1.0000000000000002;0;0;1.0000000000000002;1.0000000000000002;1.0000000000000002;0;0;1.0000000000000002;1.0000000000000002;1.0000000000000002;
2398;2.0066930775646377;0;1.0000000000000002;1.0000000000000002;1.0000000000000002;0;0;1.0000000000000002;1.0000000000000002;1.0000000000000002;0;0;1.0000000000000002;1.0000000000000002;1.0000000000000002;
2511;1.9042015133412982;0;1.0000000000000002;1.0000000000000002;1.0000000000000002;0;0;1.0000000000000002;1.0000000000000002;1.0000000000000002;0;0;1.0000000000000002;1.0000000000000002;1.0000000000000002;
2630;1.8971102661596966;0;1.0000000000000002;1.0000000000000002;1.0000000000000002;0;0;1.0000000000000002;1.0000000000000002;1.0000000000000002;0;0;1.0000000000000002;1.0000000000000002;1.0000000000000002;
2754;2.0224945533769056;0;1.0000000000000002;1.0000000000000002;1.0000000000000002;0;0;1.0000000000000002;1.0000000000000002;1.0000000000000002;0;0;1.0000000000000002;1.0000000000000002;1.0000000000000002;
2884;2.1767683772538144;0;1.0000000000000002;1.0000000000000002;1.0000000000000002;0;0;1.0000000000000002;1.0000000000000002;1.0000000000000002;0;0;1.0000000000000002;1.0000000000000002;1.0000000000000002;
3019;2.331848294137132;0;1.0000000000000002;1.0000000000000002;1.0000000000000002;0;0;1.0000000000000002;1.0000000000000002;1.0000000000000002;0;0;1.0000000000000002;1.0000000000000002;1.0000000000000002;
3162;2.7935800126502213;0;1.0000000000000002;1.0000000000000002;1.0000000000000002;0;0;1.0000000000000002;1.0000000000000002;1.0000000000000002;0;0;1.0000000000000002;1.0000000000000002;1.0000000000000002;
3311;2.9831319842947748;0;1.0000000000000002;1.0000000000000002;1.0000000000000002;0;0;1.0000000000000002;1.0000000000000002;1.0000000000000002;0;0;1.0000000000000002;1.0000000000000002;1.0000000000000002;
3467;3.128122295933083;0;1.0000000000000002;1.0000000000000002;1.0000000000000002;0;0;1.0000000000000002;1.0000000000000002;1.0000000000000002;0;0;1.0000000000000002;1.0000000000000002;1.0000000000000002;
3630;3.3766391184573004;0;1.0000000000000002;1.0000000000000002;1.0000000000000002;0;0;1.0000000000000002;1.0000000000000002;1.0000000000000002;0;0;1.0000000000000002;1.0000000000000002;1.0000000000000002;
3801;3.944396211523283;0;1.0000000000000002;1.0000000000000002;1.0000000000000002;0;0;1.0000000000000002;1.0000000000000002;1.0000000000000002;0;0;1.0000000000000002;1.0000000000000002;1.0000000000000002;
3981;3.9629364481286116;0;1.0000000000000002;1.0000000000000002;1.0000000000000002;0;0;1.0000000000000002;1.0000000000000002;1.0000000000000002;0;0;1.0000000000000002;1.0000000000000002;1.0000000000000002;
4039;3.9987496905174558;0;1.0000000000000002;1.0000000000000002;1.0000000000000002;0;0;1.0000000000000002;1.0000000000000002;1.0000000000000002;0;0;1.0000000000000002;1.0000000000000002;1.0000000000000002;
