Closeless;Further BFS;Random
nSamples;Expected MSE;MSE;Spearman Correlation;Jaccard 1%;Jaccard 5%;Expected MSE;MSE;Spearman Correlation;Jaccard 1%;Jaccard 5%;Expected MSE;MSE;Spearman Correlation;Jaccard 1%;Jaccard 5%
1;9.35;0.408525;0.02522032405752824;0.16936863805070507;0.3385094654360726;9.35;0.4164;0.03034815755708328;0.1132300307372677;0.3461907994227666;9;0.417425;0.027717057253146077;0.11395398703545885;0.34700596227285163;
2;5.025000000000001;0.127875;0.021845400800577862;0.1002911091473028;0.1002911091473028;0.05;0.1352;0.023736221154528645;0.10771233500089882;0.10771233500089882;0.49999999999999994;0.1372125;0.02487786715926948;0.1095683229601162;0.1095683229601162;
3;3.483333333333332;0.05821250000000001;0.021976952615675786;0.03282880049228862;0.9748841043223012;0.05;0.0593;0.021130103301522134;0.03398390834174379;0.9748475237618808;0.18333333333333335;0.06671250000000001;0.01832027892368005;0.04098749022100896;0.8825531642912757;
4;2.5249999999999995;0.036112500000000006;0.021552565782003215;0.4461843868666324;0.9748597233818309;0;0.037512500000000004;0.013479833815050407;0.35054848983302755;0.9747499999999999;0.037500000000000006;0.038825;0.013138612872892759;0.15832795959832366;0.9747743809404701;
5;1.8400000000000005;0.028774999999999995;0.021369981256863735;0.9748597233818309;0.9748597233818309;0.01;0.029025000000000006;0.008559573355432207;0.9747743809404701;0.9747743809404701;0.04;0.030100000000000005;0.01818275616480034;0.9748353424413606;0.9748353424413606;
6;1.533333333333333;0.0263125;0.024815556792594902;0.9748597233818308;0.9748597233818308;0.008333333333333333;0.026374999999999996;NaN;0.9747865805604201;0.9747865805604201;0.025;0.026699999999999995;NaN;0.9747987618809404;0.9747987618809404;
7;1.292857142857143;0.025537499999999994;NaN;0.9747743809404701;0.9747743809404701;0.02142857142857143;0.025499999999999995;NaN;0.9748231428214107;0.9748231428214107;0.02857142857142857;0.025862499999999993;NaN;0.9748475237618808;0.9748475237618808;
8;1.15625;0.025299999999999993;NaN;0.9748841043223012;0.9748841043223012;0.03125;0.025137499999999993;NaN;0.974920739835992;0.974920739835992;0.018750000000000003;0.025437499999999995;NaN;0.9748353668467065;0.9748353668467065;
9;1.1;0.024912500000000004;NaN;0.9751036121130718;0.9751036121130718;0.02222222222222222;0.025199999999999997;NaN;0.9748475237618809;0.9748475237618809;0.027777777777777776;0.025262499999999997;NaN;0.9748719047023511;0.9748719047023511;
10;1.02;0.024949999999999996;NaN;0.9750548319327014;0.9750548319327014;0.04;0.025049999999999996;NaN;0.9749450963344533;0.9749450963344533;0.02;0.02515;NaN;0.9748475237618809;0.9748475237618809;
11;0.9090909090909088;0.025037499999999997;NaN;0.9749695200163624;0.9749695200163624;0.040909090909090916;0.024937499999999998;NaN;0.9750548502321312;0.9750548502321312;0.022727272727272728;0.025175;NaN;0.9748841043223011;0.9748841043223011;
12;0.7999999999999998;0.024925;NaN;0.9750670742895051;0.9750670742895051;0.029166666666666667;0.02505;NaN;0.9749450719291076;0.9749450719291076;0.016666666666666666;0.025175;NaN;0.9748475237618809;0.9748475237618809;
13;0.7730769230769229;0.02485;NaN;0.9751402231847538;0.9751402231847538;0.038461538461538464;0.0249625;NaN;0.9750304692916612;0.9750304692916612;0.038461538461538464;0.024974999999999997;NaN;0.975018281888128;0.975018281888128;
14;0.7214285714285714;0.024812499999999998;NaN;0.9751769930974912;0.9751769930974912;0.06785714285714287;0.0247125;NaN;0.9752744068702565;0.9752744068702565;0.03928571428571429;0.024949999999999996;NaN;0.9750426689436889;0.9750426689436889;
15;0.6666666666666666;0.024862499999999996;NaN;0.9751280174588879;0.9751280174588879;0.07666666666666667;0.024587499999999998;NaN;0.9753965008240462;0.9753965008240462;0.009999999999999998;0.025162499999999997;NaN;0.9748353424413606;0.9748353424413606;
16;0.590625;0.025012499999999993;NaN;0.9749816280841821;0.9749816280841821;0.06250000000000001;0.0247375;NaN;0.97525003819664;0.97525003819664;0.024999999999999998;0.025049999999999996;NaN;0.9749450475237618;0.9749450475237618;
17;0.6235294117647059;0.024712500000000005;NaN;0.9752744252751641;0.9752744252751641;0.06470588235294117;0.024674999999999996;NaN;0.9753110117947745;0.9753110117947745;0.023529411764705882;0.0250125;NaN;0.9749816524895277;0.9749816524895277;
18;0.5944444444444446;0.024625000000000005;NaN;0.9753597920118079;0.9753597920118079;0.05277777777777778;0.024725;NaN;0.9752622927286081;0.9752622927286081;0.025;0.025025;NaN;0.974969428464232;0.974969428464232;
19;0.5421052631578945;0.0247125;NaN;0.9752744373815183;0.9752744373815183;0.06315789473684212;0.024487499999999995;NaN;0.9754943180603374;0.9754943180603374;0.026315789473684213;0.0249625;NaN;0.9750304876231688;0.9750304876231688;
20;0.5550000000000002;0.024449999999999996;NaN;0.9755306844683009;0.9755306844683009;0.06250000000000001;0.0245875;NaN;0.9753965377119924;0.9753965377119924;0.02;0.025024999999999995;NaN;0.9749694711690078;0.9749694711690078;
21;0.5476190476190477;0.0244125;NaN;0.9755674727905584;0.9755674727905584;0.06666666666666667;0.024475;NaN;0.9755066092689382;0.9755066092689382;0.023809523809523805;0.024999999999999998;NaN;0.974993833810048;0.974993833810048;
22;0.5159090909090909;0.024237499999999995;NaN;0.975738555123016;0.975738555123016;0.052272727272727276;0.024599999999999997;NaN;0.9753843379314239;0.9753843379314239;0.03181818181818182;0.0249;NaN;0.9750914307879665;0.9750914307879665;
23;0.508695652173913;0.024287499999999997;NaN;0.9756894935422179;0.9756894935422179;0.06739130434782609;0.02435;NaN;0.9756284588987814;0.9756284588987814;0.026086956521739132;0.024924999999999996;NaN;0.9750670193362345;0.9750670193362345;
25;0.4480000000000002;0.0242;NaN;0.9757749520969183;0.9757749520969183;0.05200000000000001;0.024487500000000002;NaN;0.9754942996782316;0.9754942996782316;0.018000000000000002;0.024999999999999998;NaN;0.9749938277041321;0.9749938277041321;
26;0.47307692307692306;0.023962499999999998;NaN;0.9760071607624891;0.9760071607624891;0.03461538461538462;0.02475;NaN;0.9752377469466347;0.9752377469466347;0.015384615384615385;0.0250125;NaN;0.9749816891112906;0.9749816891112906;
27;0.4277777777777777;0.024212499999999994;NaN;0.9757626790912335;0.9757626790912335;0.04814814814814815;0.0245375;NaN;0.9754453420681888;0.9754453420681888;0.018518518518518517;0.024974999999999997;NaN;0.975018257455294;0.975018257455294;
28;0.4910714285714285;0.0236125;NaN;0.9763493617323219;0.9763493617323219;0.05357142857142858;0.024449999999999993;NaN;0.9755306478648422;0.9755306478648422;0.02678571428571429;0.024849999999999997;NaN;0.9751402109958249;0.9751402109958249;
30;0.43666666666666676;0.023449999999999995;NaN;0.976508476984816;0.976508476984816;0.07499999999999998;0.023937499999999994;NaN;0.9760317859992155;0.9760317859992155;0.03333333333333333;0.0247375;NaN;0.9752500137454472;0.9752500137454472;
31;0.4161290322580645;0.0234375;0.259614899990934;0.9765204010981249;0.9765204010981249;0.06451612903225808;0.024;NaN;0.9759708988598457;0.9759708988598457;0.0370967741935484;0.0246125;NaN;0.9753720649119465;0.9753720649119465;
33;0.41666666666666663;0.023575;0.24667933927588725;0.9763860463780665;0.9763860463780665;0.05151515151515152;0.024287500000000007;NaN;0.9756892918357128;0.9756892918357128;0.015151515151515148;0.024949999999999996;NaN;0.975042760569219;0.975042760569219;
34;0.39705882352941174;0.0233;0.2685947901479925;0.9766550929264737;0.9766550929264737;0.05294117647058823;0.0243;NaN;0.9756771900526858;0.9756771900526858;0.01911764705882353;0.0249125;NaN;0.9750792372785175;0.9750792372785175;
36;0.3625;0.023524999999999997;NaN;0.9764356043315289;0.9764356043315289;0.0375;0.0245625;NaN;0.9754207901665393;0.9754207901665393;0.019444444444444438;0.0249;NaN;0.9750914551933123;0.9750914551933123;
38;0.37763157894736843;0.022587499999999996;0.3122971396920645;0.9773534854786613;0.9773534854786613;0.05921052631578947;0.023975000000000003;NaN;0.9759949486687731;0.9759949486687731;0.02105263157894737;0.0248125;NaN;0.9751767976346728;0.9751767976346728;
39;0.36025641025641025;0.022949999999999998;0.28989900321487444;0.9769980662398337;0.9769980662398337;0.04487179487179487;0.024287499999999997;NaN;0.975689340715145;0.975689340715145;0.028205128205128202;0.0246;NaN;0.9753843439455352;0.9753843439455352;
41;0.35975609756097565;0.022650000000000003;0.30952167299540645;0.9772921997672013;0.9772921997672013;0.05000000000000002;0.024049999999999995;NaN;0.9759215796805263;0.9759215796805263;0.030487804878048783;0.024537499999999993;NaN;0.9754452993267495;0.9754452993267495;
43;0.33953488372093027;0.02275;0.30512361932633963;0.9771937680618358;0.9771937680618358;0.04418604651162791;0.024124999999999994;NaN;0.9758485411280305;0.9758485411280305;0.020930232558139535;0.0247625;NaN;0.9752255900589485;0.9752255900589485;
45;0.3744444444444444;0.022174999999999997;NaN;0.9777582920131188;0.9777582920131188;0.043333333333333335;0.024149999999999998;NaN;0.9758238914174798;0.9758238914174798;0.035555555555555556;0.024374999999999997;NaN;0.9756040413365483;0.9756040413365483;
47;0.33404255319148934;0.0218125;0.35952279293493783;0.9781135221305274;0.9781135221305274;0.04361702127659576;0.024074999999999996;NaN;0.9758971927857218;0.9758971927857218;0.020212765957446813;0.024749999999999998;NaN;0.9752379790771545;0.9752379790771545;
50;0.36800000000000005;0.0207625;0.41063699845940227;0.9791463515786445;0.9791463515786445;0.038000000000000006;0.024200000000000006;NaN;0.9757753804487288;0.9757753804487288;0.027;0.0245;NaN;0.9754818798963448;0.9754818798963448;
52;0.33461538461538465;0.0209125;0.4059942459873848;0.9789979738442599;0.9789979738442599;0.032692307692307694;0.024300000000000002;NaN;0.9756770982299938;0.9756770982299938;0.02403846153846154;0.024575000000000003;NaN;0.9754086637946996;0.9754086637946996;
54;0.32407407407407407;0.021212500000000002;0.3906549220491919;0.9787029143488204;0.9787029143488204;0.03888888888888889;0.0241125;NaN;0.9758605451426865;0.9758605451426865;0.02592592592592593;0.0244875;NaN;0.9754942627351529;0.9754942627351529;
57;0.2991228070175438;0.021199999999999997;0.3922535446518763;0.9787151958788123;0.9787151958788123;0.04035087719298246;0.0239375;NaN;0.9760315292660126;0.9760315292660126;0.018421052631578946;0.024712500000000002;NaN;0.9752744557130262;0.9752744557130262;
60;0.29333333333333333;0.0208;0.4107056433307376;0.9791086165415993;0.9791086165415993;0.041666666666666664;0.023850000000000003;NaN;0.9761172757275869;0.9761172757275869;0.015;0.024749999999999998;NaN;0.9752379606630448;0.9752379606630448;
63;0.3253968253968254;0.020312500000000004;0.4321076284823734;0.9795886667675615;0.9795886667675615;0.02380952380952382;0.0244125;NaN;0.9755673141147254;0.9755673141147254;0.02222222222222222;0.024487499999999995;NaN;0.9754942140851902;0.9754942140851902;
66;0.28712121212121217;0.0199125;0.4527143396041523;0.9799817810799771;0.9799817810799771;0.03484848484848485;0.024049999999999995;NaN;0.975921482054741;0.975921482054741;0.025757575757575757;0.024362500000000002;NaN;0.9756162897625036;0.9756162897625036;
69;0.2898550724637681;0.019662500000000003;0.4613628323010109;0.9802289514243513;0.9802289514243513;0.038405797101449285;0.023774999999999998;NaN;0.9761905892246208;0.9761905892246208;0.023188405797101456;0.0244;NaN;0.9755797338140562;0.9755797338140562;
72;0.27013888888888893;0.019674999999999998;0.46245630504684315;0.9802161538234475;0.9802161538234475;0.033333333333333326;0.0238;NaN;0.9761661350454632;0.9761661350454632;0.031249999999999993;0.024;0.21331680482693136;0.9759703418280459;0.9759703418280459;
75;0.30200000000000005;0.018575;0.5067431292353146;0.9813019008946134;0.9813019008946134;0.039333333333333324;0.0236125;NaN;0.9763493861510087;0.9763493861510087;0.024666666666666663;0.024325;NaN;0.9756527785505213;0.9756527785505213;
79;0.30443037974683546;0.017875000000000002;0.5323823296825193;0.9819946680513532;0.9819946680513532;0.0310126582278481;0.0239375;NaN;0.9760316335860086;0.9760316335860086;0.018354430379746836;0.024462499999999998;NaN;0.9755186376110702;0.9755186376110702;
83;0.2704819277108434;0.018099999999999998;0.525462935022733;0.9817710500738611;0.9817710500738611;0.04216867469879518;0.02335;0.26300138535181616;0.9766063192159213;0.9766063192159213;0.021084337349397592;0.0242625;NaN;0.9757140884055091;0.9757140884055091;
87;0.2764367816091954;0.017550000000000003;0.5458938696975287;0.982315143474187;0.982315143474187;0.040804597701149414;0.0232875;0.27158962736633396;0.9766670839196006;0.9766670839196006;0.028735632183908046;0.02385;NaN;0.9761175636707325;0.9761175636707325;
91;0.2697802197802198;0.017150000000000002;0.5594225741674788;0.9827119845752706;0.9827119845752706;0.03021978021978022;0.023637500000000002;NaN;0.9763253919211085;0.9763253919211085;0.023076923076923075;0.024149999999999998;NaN;0.9758239829737675;0.9758239829737675;
95;0.27473684210526317;0.0165;0.5795977409923921;0.983358533957561;0.983358533957561;0.032105263157894734;0.0234375;0.25932067318982627;0.976520437913031;0.976520437913031;0.027368421052631566;0.0239125;NaN;0.9760560080802527;0.9760560080802527;
100;0.2585;0.016625;0.5774500858513351;0.9832325863441695;0.9832325863441695;0.037500000000000006;0.023275;0.26989816030805586;0.976679596094811;0.976679596094811;0.022500000000000006;0.023950000000000003;NaN;0.9760196235987252;0.9760196235987252;
104;0.25673076923076926;0.0161125;0.5945376215183706;0.9837412401412129;0.9837412401412129;0.03701923076923077;0.023150000000000004;0.2789066198059779;0.9768019474078515;0.9768019474078515;0.024519230769230772;0.0239125;0.22278204554865247;0.9760557634855282;0.9760557634855282;
109;0.24357798165137612;0.0156;0.6123487091658314;0.9842492129963732;0.9842492129963732;0.029357798165137616;0.0235;0.24986135367234755;0.9764597467606068;0.9764597467606068;0.023853211009174313;0.023875;NaN;0.9760930910685957;0.9760930910685957;
114;0.2605263157894737;0.0143375;0.6507027861381798;0.985507260105443;0.985507260105443;0.03815789473684211;0.0227375;0.3073272223993365;0.977205893987121;0.977205893987121;0.023684210526315787;0.023787499999999996;NaN;0.9761786165762035;0.9761786165762035;
120;0.24791666666666667;0.0143375;0.6490534166699049;0.985509209945778;0.985509209945778;0.034999999999999996;0.02295;NaN;0.9769986001524618;0.9769986001524618;0.028333333333333325;0.023362499999999998;0.2578061882812236;0.9765947838280529;0.9765947838280529;
125;0.2544;0.013725;0.6700517524404196;0.9861162724230373;0.9861162724230373;0.03280000000000001;0.022975000000000002;0.2910470979263612;0.9769734470514864;0.9769734470514864;0.029200000000000004;0.023275;0.2687403819761088;0.9766796943006403;0.9766796943006403;
131;0.23664122137404583;0.0132;0.6845068475259336;0.986642156686334;0.986642156686334;0.037404580152671764;0.0225125;NaN;0.977426884257401;0.977426884257401;0.022137404580152672;0.023599999999999996;0.2460005512005731;0.9763615124448772;0.9763615124448772;
138;0.23550724637681159;0.01245;0.7062576088737389;0.9873909399543052;0.9873909399543052;0.03297101449275363;0.022625;0.30861137583964815;0.9773170350243857;0.9773170350243857;0.027173913043478264;0.023275;NaN;0.976680732323011;0.976680732323011;
144;0.22812499999999994;0.012187499999999999;0.713880645729127;0.9876529792281508;0.9876529792281508;0.02951388888888889;0.022875;0.2957364876718371;0.9770713552484407;0.9770713552484407;0.017361111111111112;0.023937499999999997;NaN;0.9760318295686459;0.9760318295686459;
151;0.221523178807947;0.011799999999999998;0.723682355062079;0.9880427717816773;0.9880427717816773;0.029801324503311258;0.0227375;0.3026140419143765;0.977206551182803;0.977206551182803;0.026490066225165563;0.023062500000000003;0.28844647842333704;0.9768872337317863;0.9768872337317863;
158;0.2208860759493671;0.010975;0.7471900381617118;0.9888672135331025;0.9888672135331025;0.02848101265822786;0.02275;0.3044236978684235;0.9771938477697073;0.9771938477697073;0.021835443037974685;0.023387500000000002;NaN;0.9765696401547095;0.9765696401547095;
165;0.2163636363636364;0.010512500000000001;0.7591030063768296;0.9893321171674321;0.9893321171674321;0.0303030303030303;0.022399999999999996;0.3216551046594606;0.9775376325489663;0.9775376325489663;0.02090909090909091;0.0233875;0.26084587278218935;0.9765696469692783;0.9765696469692783;
173;0.2182080924855491;0.009600000000000001;0.7828801532014419;0.9902488243247833;0.9902488243247833;0.03699421965317918;0.021687500000000002;0.3653731381429191;0.9782364884072909;0.9782364884072909;0.02803468208092485;0.022700000000000005;0.30656240438920024;0.9772432177011035;0.9772432177011035;
181;0.20248618784530384;0.009600000000000001;0.7825440925988237;0.9902497388780978;0.9902497388780978;0.03397790055248619;0.021625;0.37106362624209815;0.9782974619906031;0.9782974619906031;0.028176795580110492;0.022487499999999994;0.3198052464396467;0.9774513515428797;0.9774513515428797;
190;0.20342105263157897;0.009162500000000002;0.7939700250540518;0.9906890776198783;0.9906890776198783;0.032368421052631574;0.021750000000000005;0.3656123635867153;0.9781742477896321;0.9781742477896321;0.019210526315789473;0.023149999999999997;0.27712235534802715;0.9768021869247316;0.9768021869247316;
199;0.20150753768844218;0.008587500000000001;0.8086041246958212;0.9912675196458136;0.9912675196458136;0.034170854271356785;0.021437499999999995;0.38073871837124873;0.9784818466118423;0.9784818466118423;0.01959798994974874;0.023112499999999998;0.2787122130614377;0.9768391357460409;0.9768391357460409;
208;0.19519230769230764;0.008137499999999999;0.8191704880994263;0.9917228150148744;0.9917228150148744;0.03365384615384616;0.0212875;0.38484029201301984;0.9786297189545458;0.9786297189545458;0.026201923076923084;0.022375;0.3233447817199737;0.9775620253757824;0.9775620253757824;
218;0.18302752293577984;0.0079;0.8250336813804168;0.991962231215635;0.991962231215635;0.036238532110091745;0.020912500000000007;0.40784281054463745;0.9789971761869312;0.9789971761869312;0.0231651376146789;0.022550000000000004;0.31481258894017394;0.9773902189757846;0.9773902189757846;
229;0.18296943231441043;0.007300000000000002;0.8393725202448831;0.992568625553525;0.992568625553525;0.03253275109170305;0.020875;0.40837836104696873;0.9790345398192727;0.9790345398192727;0.02401746724890829;0.0222;0.33952370578854935;0.9777329103919923;0.9777329103919923;
239;0.1774058577405858;0.007225;0.8414446541195982;0.9926435038360493;0.9926435038360493;0.03179916317991631;0.02075;0.41487055664056816;0.9791574526314903;0.9791574526314903;0.028661087866108777;0.0215375;0.37556483685776154;0.9783832870810021;0.9783832870810021;
251;0.17091633466135459;0.0064624999999999995;0.8592190273853251;0.9934156006270354;0.9934156006270354;0.03904382470119523;0.019600000000000003;0.46282170993163324;0.9802915965733173;0.9802915965733173;0.02808764940239044;0.0214125;0.37859322726101724;0.9785069434913359;0.9785069434913359;
263;0.16425855513307983;0.0062125;0.8651415612555254;0.9936683870076052;0.9936683870076052;0.03288973384030418;0.020062499999999997;0.4460313038140354;0.9798342452395136;0.9798342452395136;0.02357414448669201;0.021837499999999996;0.35936585435762924;0.9780886860402532;0.9780886860402532;
275;0.16363636363636366;0.0054875;0.8818804036190986;0.994403138500122;0.994403138500122;0.03727272727272728;0.019375000000000003;0.47318901778909983;0.9805136201612984;0.9805136201612984;0.02418181818181818;0.0215;0.374424732050076;0.9784210007594379;0.9784210007594379;
288;0.15954861111111113;0.005137499999999999;0.889962593923809;0.9947577799313192;0.9947577799313192;0.0359375;0.019337500000000004;0.47304534728777164;0.9805507686352208;0.9805507686352208;0.023437499999999997;0.021625;0.3676635435474702;0.9782983054701274;0.9782983054701274;
301;0.1548172757475083;0.005075000000000001;0.8912553911514031;0.9948216895263474;0.9948216895263474;0.033887043189368776;0.0194875;0.4698848886618123;0.9804013477763773;0.9804013477763773;0.023588039867109636;0.021199999999999997;0.38848113154000347;0.9787163999246445;0.9787163999246445;
316;0.14731012658227846;0.0045625;0.9028127880830474;0.9953420653510008;0.9953420653510008;0.035443037974683546;0.018725000000000006;0.5018335114056197;0.9811531469389564;0.9811531469389564;0.024367088607594938;0.021;0.4033309836008002;0.9789112328282221;0.9789112328282221;
331;0.14259818731117826;0.0040999999999999995;0.9132393604513527;0.9958116673330615;0.9958116673330615;0.03398791540785498;0.018475000000000002;0.5082473739737011;0.9814023283903826;0.9814023283903826;0.02386706948640483;0.020874999999999998;0.40914562235548263;0.9790341993896311;0.9790341993896311;
346;0.13916184971098267;0.004037499999999999;0.9145030899871698;0.995875734053295;0.995875734053295;0.03280346820809248;0.0183875;0.5104706180816972;0.9814890748477834;0.9814890748477834;0.02312138728323699;0.02088749999999999;0.4043599277355201;0.979023279289775;0.979023279289775;
363;0.13195592286501379;0.0038875;0.9178599031827614;0.9960281442070612;0.9960281442070612;0.03195592286501378;0.01835;0.5141665027032669;0.9815251008245675;0.9815251008245675;0.0209366391184573;0.020812499999999998;0.4094711206485163;0.9790967281403925;0.9790967281403925;
380;0.13065789473684208;0.0031999999999999997;0.9328607075396426;0.9967282961572783;0.9967282961572783;0.03697368421052632;0.0170125;0.5626997265543972;0.9828496159500661;0.9828496159500661;0.02447368421052631;0.0200875;0.44437341006204695;0.9798097474463726;0.9798097474463726;
398;0.12638190954773873;0.0030125000000000004;0.9367855369139115;0.9969199719561078;0.9969199719561078;0.03442211055276382;0.0167125;0.5718461531937762;0.9831479553769837;0.9831479553769837;0.02211055276381909;0.020325000000000003;0.43232779082955713;0.9795763207197264;0.9795763207197264;
416;0.12079326923076927;0.00265;0.9447438154949459;0.9972889300356919;0.9972889300356919;0.03449519230769231;0.016612500000000006;0.5773686551740687;0.9832454582494575;0.9832454582494575;0.020673076923076922;0.0202125;0.4378151843747666;0.9796869718041227;0.9796869718041227;
436;0.11559633027522936;0.00265;0.9447328188053608;0.9972889822368413;0.9972889822368413;0.0319954128440367;0.016712499999999998;0.5748384517996998;0.9831454359963762;0.9831454359963762;0.02236238532110092;0.019874999999999997;0.4500373849492375;0.9800207111821734;0.9800207111821734;
457;0.10962800875273525;0.002787499999999999;0.9417723022703252;0.9971487748186606;0.9971487748186606;0.03140043763676148;0.017;0.5641655790386434;0.9828607788491481;0.9828607788491481;0.023085339168490156;0.019237500000000005;0.47844584136884194;0.98064871137533;0.98064871137533;
478;0.1087866108786611;0.002175;0.9548197233792112;0.9977739994492757;0.9977739994492757;0.03085774058577405;0.01625;0.5881173479461594;0.9836068507545287;0.9836068507545287;0.021443514644351458;0.019350000000000003;0.4747389107824533;0.9805373489104081;0.9805373489104081;
501;0.10349301397205588;0.0020125;0.9582418766374026;0.9979400695817825;0.9979400695817825;0.030139720558882237;0.0159875;0.598016474117672;0.9838661031801627;0.9838661031801627;0.022754491017964076;0.018925;0.4911336857540276;0.9809568939007878;0.9809568939007878;
524;0.09952290076335879;0.0017874999999999998;0.9629919473804769;0.9981699539715738;0.9981699539715738;0.03024809160305344;0.015649999999999997;0.6105817145382805;0.984199724381925;0.984199724381925;0.020515267175572522;0.019225000000000006;0.4785739221729736;0.9806616461977983;0.9806616461977983;
549;0.09817850637522771;0.0016;0.9669558056175475;0.9983614947732206;0.9983614947732206;0.028961748633879784;0.015875;0.6020263661129577;0.9839775996679073;0.9839775996679073;0.021493624772313296;0.018424999999999997;0.5093621169198065;0.9814527894167164;0.9814527894167164;
575;0.09243478260869567;0.0017000000000000003;0.964855659563714;0.9982592717367916;0.9982592717367916;0.027739130434782613;0.01525;0.6213070845449818;0.9846001705162126;0.9846001705162126;0.022000000000000006;0.0179;0.5316205429403044;0.9819697673671831;0.9819697673671831;
602;0.08779069767441863;0.0015500000000000002;0.9680109863357009;0.9984125801004645;0.9984125801004645;0.025332225913621265;0.015487500000000001;0.6138172009605071;0.9843638552901742;0.9843638552901742;0.020182724252491693;0.0179875;0.5296858983458006;0.9818823525606418;0.9818823525606418;
630;0.08507936507936509;0.001325;0.9727160895345291;0.9986426867361838;0.9986426867361838;0.02476190476190476;0.015087500000000002;0.6261592109313847;0.9847619088492044;0.9847619088492044;0.017698412698412696;0.018425;0.5125800107891987;0.9814502277819073;0.9814502277819073;
660;0.08159090909090908;0.0011500000000000002;0.9763260281793301;0.9988219177731813;0.9988219177731813;0.025606060606060608;0.014562499999999999;0.6435769830217978;0.9852832756449847;0.9852832756449847;0.021287878787878783;0.016962500000000005;0.5662499726809339;0.9828975067847419;0.9828975067847419;
691;0.07843704775687407;0.00115;0.9763510382659344;0.9988217866978901;0.9988217866978901;0.025470332850940663;0.013575;0.6730470818656367;0.9862683385295191;0.9862683385295191;0.020188133140376263;0.017025;0.5635929828191739;0.9828359564741722;0.9828359564741722;
724;0.07527624309392264;0.0009499999999999998;0.980480914498794;0.9990265996848826;0.9990265996848826;0.023756906077348063;0.0138;0.6670232099656767;0.9860429416339652;0.9860429416339652;0.019129834254143645;0.0168125;0.5708215073792339;0.9830465720263879;0.9830465720263879;
758;0.07176781002638523;0.0008;0.9836058004660105;0.9991800652342506;0.9991800652342506;0.02387862796833773;0.013487499999999998;0.6767085762854032;0.9863539520282311;0.9863539520282311;0.02091029023746702;0.015799999999999998;0.6048814306410317;0.9840516208384961;0.9840516208384961;
794;0.06901763224181359;0.0008;0.9836107378779455;0.9991800390030792;0.9991800390030792;0.023236775818639803;0.0130125;0.6898263430103228;0.9868292841622528;0.9868292841622528;0.020151133501259445;0.0156;0.6113145250114016;0.9842502636137284;0.9842502636137284;
831;0.06594464500601684;0.0007;0.9856756759943753;0.9992824454965754;0.9992824454965754;0.023044524669073405;0.013050000000000003;0.6878423661826204;0.9867936093167322;0.9867936093167322;0.019494584837545126;0.015262500000000002;0.6229515527311985;0.984584930483056;0.984584930483056;
870;0.06356321839080462;0.0007499999999999999;0.984635800818258;0.9992312815965845;0.9992312815965845;0.021494252873563217;0.0126625;0.6998197438770859;0.987179206315371;0.987179206315371;0.019310344827586208;0.014824999999999998;0.6354017920259671;0.9850219454823542;0.9850219454823542;
912;0.061184210526315806;0.0005750000000000001;0.9882458928287019;0.9994105126739474;0.9994105126739474;0.02132675438596491;0.012162500000000001;0.7128944966035409;0.987681057440361;0.987681057440361;0.019243421052631573;0.014862500000000002;0.6352037566765424;0.9849833974062621;0.9849833974062621;
954;0.058752620545073374;0.0005000000000000001;0.9897908933570732;0.9994873372174484;0.9994873372174484;0.020859538784067086;0.011362499999999998;0.735728993140695;0.9884810770688777;0.9884810770688777;0.01750524109014675;0.014625;0.6410216268123562;0.9852217777279849;0.9852217777279849;
1000;0.05619999999999999;0.00045000000000000015;0.9908161096630286;0.9995385798513199;0.9995385798513199;0.021450000000000004;0.011112499999999999;0.7429801728635124;0.988730460270542;0.988730460270542;0.017949999999999997;0.0141125;0.6575089191193246;0.9857311329228711;0.9857311329228711;
1047;0.054297994269340975;0.00042500000000000014;0.9913263257928603;0.9995642143040242;0.9995642143040242;0.019770773638968477;0.01145;0.7339685818466538;0.9883919031478433;0.9883919031478433;0.01910219675262655;0.012987499999999999;0.6902134994735855;0.9868548687524475;0.9868548687524475;
1096;0.05173357664233577;0.00040000000000000013;0.9918365419226922;0.999589848756729;0.999589848756729;0.01957116788321168;0.010324999999999999;0.7633700696178771;0.9895219549825426;0.9895219549825426;0.018795620437956205;0.012537499999999997;0.70341262995175;0.9873042480577757;0.9873042480577757;
1148;0.04960801393728223;0.00040000000000000013;0.9918365419226922;0.9995898487567287;0.9995898487567287;0.01872822299651568;0.010587500000000001;0.7569323098257591;0.9892572957219059;0.9892572957219059;0.018249128919860625;0.011850000000000001;0.7229546557812567;0.9879914617133596;0.9879914617133596;
1202;0.04775374376039932;0.00015000000000000001;0.9969387032210097;0.9998461932837734;0.9998461932837734;0.016930116472545758;0.010450000000000001;0.7593995145962179;0.9893977714240512;0.9893977714240512;0.015349417637271214;0.012475;0.7051695799127506;0.9873667049521024;0.9873667049521024;
1258;0.046025437201907785;2.5e-05;0.9994897838701685;0.9999743655472959;0.9999743655472959;0.01649443561208267;0.010262499999999999;0.765230558449265;0.9895841693246452;0.9895841693246452;0.016534181240063592;0.011712499999999999;0.7263013850732853;0.9881299201625169;0.9881299201625169;
1318;0.043285280728376334;2.5e-05;0.9994897838701686;0.9999743655472959;0.9999743655472959;0.017488619119878604;0.009162499999999999;0.7936164927682153;0.9906901358860732;0.9906901358860732;0.016654021244309557;0.011012500000000001;0.7454294798668213;0.9888313164531397;0.9888313164531397;
1380;0.04192028985507246;0;1.0000000000000002;1.0000000000000002;1.0000000000000002;0.01630434782608696;0.008749999999999999;0.8040970837720814;0.9911050910469273;0.9911050910469273;0.016557971014492752;0.009450000000000002;0.7863706437738844;0.9904005318038496;0.9904005318038496;
1445;0.039723183391003454;0;1.0000000000000002;1.0000000000000002;1.0000000000000002;0.01557093425605536;0.0083875;0.8130968156491566;0.9914704840249897;0.9914704840249897;0.015536332179930792;0.0098375;0.7758719549714715;0.9900124107474432;0.9900124107474432;
1513;0.03793787177792466;0;1.0000000000000002;1.0000000000000002;1.0000000000000002;0.015366820885657636;0.0078625;0.825422215972581;0.9920016739827852;0.9920016739827852;0.015267680105750164;0.009187500000000001;0.7931747567201749;0.9906644037305378;0.9906644037305378;
1584;0.036142676767676775;0;1.0000000000000002;1.0000000000000002;1.0000000000000002;0.014898989898989901;0.006900000000000002;0.8489501298827434;0.9929728573863293;0.9929728573863293;0.014330808080808083;0.008312499999999999;0.814113011749107;0.9915486181111899;0.9915486181111899;
1659;0.03450874020494274;0;1.0000000000000002;1.0000000000000002;1.0000000000000002;0.01323086196503918;0.00765;0.830834397702589;0.992215416811445;0.992215416811445;0.014225437010247135;0.008037500000000001;0.8212439042957901;0.9918248736567873;0.9918248736567873;
1737;0.03293033966609096;0;1.0000000000000002;1.0000000000000002;1.0000000000000002;0.012723085780080598;0.0064125000000000015;0.8599038726864381;0.9934678550293736;0.9934678550293736;0.014248704663212434;0.007687500000000001;0.8299436668563546;0.9921776481448689;0.9921776481448689;
1819;0.031500824628916985;0;1.0000000000000002;1.0000000000000002;1.0000000000000002;0.012616822429906542;0.006537500000000001;0.8576366465556816;0.993339067005596;0.993339067005596;0.012396921385376583;0.0064624999999999995;0.8588850406491415;0.9934167278529286;0.9934167278529286;
1905;0.029947506561679788;0;1.0000000000000002;1.0000000000000002;1.0000000000000002;0.012388451443569553;0.0053625;0.8845241992738125;0.9945307177202433;0.9945307177202433;0.012598425196850395;0.006175000000000001;0.8661976083575648;0.9937057688074376;0.9937057688074376;
1995;0.028947368421052628;0;1.0000000000000002;1.0000000000000002;1.0000000000000002;0.011629072681704263;0.0050750000000000005;0.8911804172320033;0.994821960680425;0.994821960680425;0.011553884711779448;0.0061;0.8674002964504669;0.9937835706011897;0.9937835706011897;
2089;0.02766874102441359;0;1.0000000000000002;1.0000000000000002;1.0000000000000002;0.011273336524652944;0.004787499999999998;0.8974544983715769;0.9951147599615937;0.9951147599615937;0.011536620392532315;0.0060125000000000005;0.8695088244415952;0.9938720234180062;0.9938720234180062;
2187;0.026657521719250114;0;1.0000000000000002;1.0000000000000002;1.0000000000000002;0.010562414266117969;0.0046125;0.9011988126705271;0.9952932362115211;0.9952932362115211;0.011179698216735253;0.004899999999999999;0.8948819572785899;0.995000632231585;0.995000632231585;
2290;0.02541484716157205;0;1.0000000000000002;1.0000000000000002;1.0000000000000002;0.009344978165938862;0.0033625000000000005;0.929208949931553;0.9965632613688812;0.9965632613688812;0.00949781659388646;0.004837500000000001;0.8964026892712624;0.9950636819722309;0.9950636819722309;
2398;0.02445788156797331;0;1.0000000000000002;1.0000000000000002;1.0000000000000002;0.008819849874895746;0.0031625000000000004;0.9336072458245173;0.9967668017813268;0.9967668017813268;0.009528773978315263;0.004212499999999999;0.9105082646736881;0.995698282713905;0.995698282713905;
2511;0.02357626443647949;0;1.0000000000000002;1.0000000000000002;1.0000000000000002;0.007984866587017124;0.0029875000000000006;0.9373203037132617;0.9969455024744082;0.9969455024744082;0.008701712465153324;0.0031999999999999997;0.9324943888655433;0.9967299434127644;0.9967299434127644;
2630;0.022889733840304183;0;1.0000000000000002;1.0000000000000002;1.0000000000000002;0.007566539923954374;0.0026625000000000004;0.9440598827517769;0.9972780843560379;0.9972780843560379;0.007794676806083649;0.0025125;0.9475732461197268;0.9974297640788385;0.9974297640788385;
2754;0.02171387073347858;0;1.0000000000000002;1.0000000000000002;1.0000000000000002;0.006227305737109659;0.0020375;0.9575832175396422;0.9979151672206994;0.9979151672206994;0.007625272331154685;0.0021374999999999996;0.955486128790951;0.9978129311886432;0.9978129311886432;
2884;0.020908460471567268;0;1.0000000000000002;1.0000000000000002;1.0000000000000002;0.006223994452149792;0.0017374999999999997;0.9640070496674101;0.9982212421580631;0.9982212421580631;0.006588072122052706;0.0019749999999999998;0.9588625175133197;0.997979189327188;0.997979189327188;
3019;0.020056310036435907;0;1.0000000000000002;1.0000000000000002;1.0000000000000002;0.00518383570718781;0.0009000000000000001;0.9814780437268186;0.9990779932287598;0.9990779932287598;0.005730374296124545;0.0014;0.9710919488438331;0.9985662681472122;0.9985662681472122;
3162;0.018991144845034787;0;1.0000000000000002;1.0000000000000002;1.0000000000000002;0.00463314358001265;0.0010500000000000002;0.9783743089899631;0.9989244093721958;0.9989244093721958;0.004443390259329539;0.001075;0.9778986074515938;0.998898598150993;0.998898598150993;
3311;0.018408335850196314;0;1.0000000000000002;1.0000000000000002;1.0000000000000002;0.0035638779824826343;0.0007125;0.9854030435830404;0.9992697234566126;0.9992697234566126;0.004032014497130776;0.0006375;0.9869297965253193;0.9993466464376537;0.9993466464376537;
3467;0.017608883761176808;0;1.0000000000000002;1.0000000000000002;1.0000000000000002;0.0026968560715315833;0.0003375;0.9930959644131724;0.9996540235625027;0.9996540235625027;0.0032881453706374384;0.00026250000000000004;0.994643300912493;0.9997308349550817;0.9997308349550817;
3630;0.01680440771349862;0;1.0000000000000002;1.0000000000000002;1.0000000000000002;0.0017355371900826446;0.0001375;0.9971920266698066;0.9998590203644772;0.9998590203644772;0.002011019283746557;0.00023750000000000005;0.9951451065102754;0.9997565153728867;0.9997565153728867;
3801;0.016048408313601683;0;1.0000000000000002;1.0000000000000002;1.0000000000000002;0.0011181268087345436;1.25e-05;0.9997454806580457;0.9999871794871797;0.9999871794871797;0.0011181268087345436;8.75e-05;0.9982160097144729;0.9999102695561297;0.9999102695561297;
3981;0.015297663903541822;0;1.0000000000000002;1.0000000000000002;1.0000000000000002;7.535795026375282e-05;0;1.0000000000000002;1.0000000000000002;1.0000000000000002;5.023863350916855e-05;0;1.0000000000000002;1.0000000000000002;1.0000000000000002;
4000;0.0153875;0;1.0000000000000002;1.0000000000000002;1.0000000000000002;0;0;1.0000000000000002;1.0000000000000002;1.0000000000000002;0;0;1.0000000000000002;1.0000000000000002;1.0000000000000002;
