Closeness
;Closeless;Further BFS;Random
nSamples;Expected MSE;MSE;Spearman Correlation;Jaccard 1%;Jaccard 5%;Expected MSE;MSE;Spearman Correlation;Jaccard 1%;Jaccard 5%;Expected MSE;MSE;Spearman Correlation;Jaccard 1%;Jaccard 5%
1;NaN;0.004451147810011721;0.34987668876201944;0.03087801715068265;0.1066797001718744;NaN;0.004369106195052224;0.3455364773678594;0.02569513999829871;0.10194656064264793;NaN;0.004481091921421193;0.35402271236676863;0.02878445058136123;0.11038629853580312;
2;0.003951424155942533;0.0009339731403457821;0.4538268244440832;0.05664618499226486;0.15235246266831623;0.0039060350886531165;0.0009362634026094063;0.45792433439401115;0.05633746447124965;0.1517253852756184;0.0013813034090607455;0.0013127483676519417;0.4593079667482984;0.0556236073307018;0.13750030629602317;
3;0.003329284790879218;0.0006734894494938102;0.5413938606735952;0.0973793206870486;0.19830561965612453;0.0026256383340178295;0.0005777070367397535;0.5451912381864005;0.09284541660634307;0.20094050713706782;0.0031832057571995805;0.0008945076895646491;0.5067076331992543;0.07545032655973737;0.16143356230534783;
4;0.002771636680586743;0.0005270559213039341;0.599456595681357;0.12716938631599026;0.2472149427106209;0.002300975145560907;0.0004191076171658804;0.6084344782175433;0.12696671061704365;0.24455052876106112;0.000537649806256817;0.0005120498315728943;0.5654576651460771;0.10176218963466699;0.19814841651519083;
5;0.0024957163586490703;0.000505941209591089;0.6248840755291576;0.1566302447501144;0.2715352444334058;0.0020414613384989524;0.0004433220222695116;0.6423327098005347;0.13866729549675633;0.27724744167335036;0.0005521597009016453;0.0004186734783358526;0.6251668289265522;0.13165772228514458;0.24264236838376219;
6;0.002124804416347789;0.0005279438977372824;0.6693327584052804;0.1882214178313674;0.31992545657538596;0.00193437388045666;0.0003906649105534896;0.6808436362268858;0.18299710538569866;0.31450094192158307;0.00036170047752803215;0.0003551737428447466;0.6292170620294966;0.1313563604054286;0.24806012071429867;
7;0.002000950201970371;0.0005598447691747004;0.7054658658872957;0.21071500974674884;0.3565395244031414;0.001692103577726358;0.00044200584861965543;0.7028054548687516;0.20007590863599747;0.33315849471869463;0.0002628389342172149;0.0002830490074237277;0.6791406998479559;0.1805408855361862;0.2820894050420908;
8;0.0019158036327753527;0.0005512068726848823;0.7175858419345662;0.20856010205064915;0.37652825318045563;0.001495010902002357;0.00040199043758064887;0.7289616090272073;0.22293139160612133;0.36909606439688486;0.00032248730520110857;0.00028277282854510425;0.6980662558370856;0.1772935339593172;0.3149966318019452;
9;0.001679072283698325;0.0005702953034878319;0.7315603469866248;0.2265181956039107;0.40951211252568936;0.0014605105837917976;0.0003713123285316013;0.7528957113942186;0.22733324539106506;0.3962134800188165;0.00022957829780160136;0.000214648381057797;0.7163268584783024;0.19403728689610572;0.32968753100468984;
10;0.0016432810296714692;0.0005553988166772191;0.7628278102109695;0.24791809742996207;0.4306753287114589;0.0012792995703354588;0.00036775098023523626;0.7743505261682839;0.23517799333976372;0.4143051182841406;0.0002175408890290628;0.0001963436210268944;0.743774472445713;0.22476276972855086;0.3499199842133689;
11;0.0015350729698595394;0.0006046400817517672;0.767070628806589;0.2653524032250758;0.44552961114904766;0.0010875598684074819;0.00035796513338121153;0.788968299920109;0.24428261292167178;0.4394823000923209;0.0002528324622638416;0.00019059912951393135;0.758539315947301;0.21516095011089326;0.37680164002900324;
12;0.001451544526077147;0.0005924211569612047;0.7893467315206333;0.273464946662806;0.46872315228664363;0.0010350078588215624;0.0003789830825423676;0.7942961085284246;0.27199370580230103;0.44109342499675974;0.00022311181307690318;0.00019030575178601646;0.7710875334388811;0.24442030733368422;0.38407653774303835;
13;0.0013846077791812772;0.0005801590068266345;0.7995639184823791;0.2944492490599967;0.4755015752642424;0.0008102805550417526;0.00028393353791708825;0.8080122594026891;0.296193036266565;0.45813690201394736;0.00022151551359423798;0.00016384868003616922;0.7735941830858628;0.2316074520156839;0.37974520176492477;
14;0.001330351750574335;0.0006261181596498572;0.8016309135034617;0.29473257901579164;0.48586670243505026;0.000816445742314079;0.0003282407904621915;0.8211940182613163;0.26701317125502216;0.4772027024988623;0.00015492415400784445;0.00015972356466509933;0.7830330114762236;0.25449785827811655;0.4009991373640754;
15;0.0012484292553710786;0.0006593823998164131;0.8038995363246023;0.2983813513740971;0.4881587991517991;0.0006903282036011488;0.0002689553624322709;0.8302145663427857;0.2879276880875627;0.48155302543030964;0.00015124834999512464;0.00014098175784719872;0.7955338292421242;0.25498429407194334;0.4129964296480782;
16;0.0011989272779259017;0.0006138580766827039;0.8203815111457522;0.3250069872599848;0.503765574270331;0.0006570868916007379;0.00025735346553109944;0.8420392214072769;0.325308231020379;0.5071272718670015;0.00013223966037914645;0.0001276693432559784;0.8069848636645918;0.2681496002304284;0.43293538921605046;
17;0.0011754144413834663;0.0006252581587467848;0.828337839823591;0.3354295740825233;0.5219530618188246;0.0006119691121087957;0.00025624292667315624;0.8464490157069312;0.31332718503142315;0.5027539140372572;0.0001268066222946595;0.00012073767535494603;0.8211234083280463;0.2963776185220988;0.43927744132553653;
18;0.0011464110034476182;0.0006302747821832698;0.8383469405890495;0.3549296151492407;0.5369806678479532;0.0005891824380549655;0.0002543454776048279;0.8491796929446513;0.32994185852043284;0.5118827737017739;0.00013492018767361638;0.00011388986759888688;0.8159781137342123;0.2887475576493197;0.4477849773539671;
19;0.0011130065992681153;0.0006215573102434147;0.8478770182293811;0.37358952848807186;0.547666367406861;0.0005615143908918193;0.00024809059254608286;0.8620524026824251;0.340292674540794;0.5284722697358838;0.00011563795241865918;0.00011682715348976476;0.8273184928839853;0.3080736866187672;0.45702942726939055;
20;0.001064168010298653;0.0006345864326747036;0.8482374859889003;0.3575568351427108;0.5520780329828716;0.0005602902139532658;0.000253110360764253;0.8645827264235664;0.34373120685852326;0.52254028818193;0.0001066191632443804;0.00010922110528322528;0.8356721564075464;0.30906264621798;0.4685296463610332;
21;0.0010302433314553238;0.0006432838928358657;0.8565777965180973;0.3916527788731358;0.5605735785512032;0.0005437363687634855;0.0002483727439488679;0.8766395630656321;0.37903904791946325;0.537687478148397;0.00010895529077383287;9.376432253856895e-05;0.8426284264351659;0.30221156848109226;0.4777918905855374;
22;0.001014280666740632;0.0006447449253288418;0.8540282139849136;0.3638455206324148;0.5517263938250633;0.000505238648808603;0.0002435431036159869;0.8771123240429602;0.3859936162720088;0.5458323621263477;9.624903146185769e-05;9.301040170095145e-05;0.8472220581726364;0.28651678236904216;0.4893733065770418;
23;0.0009786821117364548;0.0006696751632491639;0.858673389313365;0.3850065740174457;0.5616718749176492;0.0004810725453887991;0.00023167552750582006;0.8849891418584497;0.36144986640010157;0.560207176732944;0.00010516391158838163;9.042492390523225e-05;0.8519191848647948;0.34704581571010007;0.49251260491307775;
25;0.0009498306195738302;0.0006385689369288168;0.872594948905997;0.3954953333960246;0.5830814024228442;0.0004792240090587091;0.00022290229988130555;0.8936717054681952;0.39607541765011917;0.572216844188137;7.32417919714178e-05;7.505271496365912e-05;0.8707047645321265;0.35621533905198294;0.5151759668813356;
26;0.0009145254300362096;0.0006644512023853179;0.8724024657833033;0.42199280119001054;0.5920048825908311;0.0004543796688803766;0.0002542616021426631;0.8884330651636138;0.3873835092657924;0.5681062476120281;8.28497332361144e-05;7.798045541053338e-05;0.8692096149884064;0.34247280563456983;0.5207180467228094;
27;0.0008864194857372325;0.0006871972426414003;0.8736710672695085;0.39931937162603887;0.5905830928862468;0.0004316911291080346;0.00022715382556095164;0.8983931161797151;0.41011481834709224;0.5867623393785915;8.549885967336133e-05;7.590782170009207e-05;0.8693242568619617;0.3635281704774283;0.5168083598696616;
28;0.0008796218052135146;0.0006731182199990914;0.8786875969738519;0.4241646447427423;0.6026144594940265;0.00044367187963597205;0.00024055309023582994;0.9008060493993926;0.39620839536366687;0.5776934496705117;7.205482290338711e-05;7.216598436881366e-05;0.8777998441044332;0.3775400586241379;0.517534491417142;
30;0.0008457338802659634;0.0006675548177203647;0.8852808475753142;0.43461857447792057;0.6127987609654555;0.00041482574672358825;0.0002357588940412049;0.9056102112108131;0.3996247596228337;0.6076857964491779;7.068481262614063e-05;6.5501786597183e-05;0.8837628126602386;0.3783980159237936;0.5289094998557123;
31;0.0008183892193007906;0.0006793333812412929;0.8841303289057878;0.4477026985338042;0.6151105339521643;0.00041533176528783144;0.00023844731754904522;0.9086359050859215;0.4180666391708221;0.6135635147962256;7.77531106870395e-05;6.566716922252584e-05;0.8849180080619378;0.34455286862113044;0.5362196945762521;
33;0.0007996865169410862;0.0006729755246385429;0.8889475075104472;0.41779502297308707;0.6298280612281615;0.00041563776017098064;0.00024652175081419655;0.9148761612809685;0.44837928764136764;0.6246492536815843;6.742341378699307e-05;6.130898797542234e-05;0.8907027588842763;0.370377502492847;0.5550529497416089;
34;0.0007866250965513137;0.000677215560694546;0.8903492032278775;0.4314424484047361;0.6246013885255152;0.00039833946492056157;0.00023314578700699585;0.9173703426837302;0.4579788902799205;0.6325778955687583;5.322877891393116e-05;5.61268410197238e-05;0.8939522251503763;0.36099262811717847;0.5641974526756044;
36;0.0007667221865920847;0.0007013748336072606;0.891780281781293;0.4604094064825023;0.6222520575461874;0.00039001996885357584;0.00024327579851169634;0.9169917313775037;0.4426643262271932;0.6248944561140447;5.881175256008734e-05;5.667562421352121e-05;0.8974044623010748;0.40487498766469016;0.5614697847544983;
38;0.0007461436285605477;0.0006854487564068543;0.8972315591042442;0.4549624157302076;0.6340847001050393;0.00038196726051753434;0.00023971038509174085;0.9223299355720502;0.46476246372429;0.6323008478447857;6.544176954443405e-05;5.923012800772354e-05;0.8966518832050143;0.41137720018005797;0.5488249723250248;
39;0.0007380076870807761;0.0006834895240417799;0.8971298734580052;0.46897697976619523;0.6402122613992124;0.0003800925961816814;0.0002410216388130683;0.9225902962182108;0.4577484703359464;0.6336342180850859;6.023750271968489e-05;5.282561194227754e-05;0.9019535409557713;0.39899340708986614;0.5678926877326639;
41;0.0007177036020528225;0.0006844502595710145;0.9009623021730602;0.48284520746873366;0.6490076462258757;0.000382070422216595;0.000255102553029824;0.9240260458372301;0.453632973106019;0.6446784173718945;4.4860613866198814e-05;4.782110648050593e-05;0.9115849541249641;0.4224941980492181;0.5931806159471654;
43;0.0007005001871461634;0.0007016018734766361;0.900604039615742;0.48027705233068674;0.644774287109341;0.0003690214455580723;0.00025725385764000853;0.9305511870804899;0.5076981012789671;0.6546058952627185;4.860463771544093e-05;4.712063892878614e-05;0.9141470128182414;0.42122266113831236;0.5924430025166948;
45;0.0006771176910502022;0.0006939590168622764;0.9007061604141003;0.4804386443486418;0.6549308373970724;0.000361591851578997;0.00025674258828136054;0.9311268773925814;0.5098633582918036;0.6565384674540415;5.241356076720275e-05;4.731739324624539e-05;0.9085497986209751;0.422684619116625;0.5806557501390281;
47;0.0006683598161123022;0.0006938160622552335;0.9048801394418163;0.49003555973126234;0.670447836134457;0.000352725568033153;0.0002555257714251412;0.9282055817885259;0.4920907268764063;0.6465938845421625;4.4902349929764294e-05;4.305394742268196e-05;0.918830789119632;0.43607107061662753;0.5900031003906534;
50;0.0006526923201252207;0.0007037329812784188;0.9063159215842759;0.508303204877237;0.6767621112781212;0.0003266571743470664;0.00024182554209597963;0.9342371835762221;0.5100554081251717;0.6687190174706653;4.368463424004944e-05;4.1793386266420716e-05;0.9212509536368816;0.4444988117308283;0.6076934923778746;
52;0.0006389235424638026;0.0006865072992492158;0.9087824725770515;0.4556930206016599;0.6826295464884721;0.00031825114074821264;0.0002337073967724869;0.9404401852678349;0.5318107425590833;0.6808100810666242;4.1804195283240535e-05;4.2149510742866456e-05;0.9207246415498638;0.4237088647880972;0.6108673387625317;
54;0.000628086792412328;0.0006929637606968714;0.9084718600946842;0.488101892449144;0.6788112082950638;0.00029216105377035116;0.0002157948149401338;0.9409605279406701;0.5037097925431555;0.6651389223896612;3.982311751707313e-05;3.835540368252718e-05;0.9267184271164681;0.4177359609336376;0.614351718522242;
57;0.0006181913294885944;0.0007041587162201917;0.9109169980228584;0.5152341493810682;0.691752929263312;0.000272559756752388;0.00020897550307901846;0.9412466568079556;0.5374376490803052;0.6785608982232606;3.9270404561483436e-05;3.752392165438563e-05;0.9284789918283237;0.4514341843878669;0.6287855042501065;
60;0.000607644650975606;0.0006888920368760905;0.9129985583751823;0.513841068929828;0.6962464773114958;0.00024967598677402245;0.0001915620083578272;0.9457375168430515;0.5433716154774552;0.683664144358353;3.540081075642711e-05;3.3352307028414786e-05;0.9340879962462554;0.46241288932559815;0.6285981468193141;
63;0.0005871453905311118;0.0006983993424437285;0.9094205827061161;0.502918216632919;0.7059951608568144;0.0002381672440636351;0.00018265374960588492;0.948008976277598;0.5326520759501778;0.6907880157545955;3.178515391012906e-05;2.906599003619741e-05;0.9430908507229656;0.47938582899667065;0.6720473162065885;
66;0.0005721084418846989;0.0006920172887951155;0.9140001463760431;0.5061951821722437;0.7054188430928735;0.00022437306887540447;0.00018211403100606443;0.9482902797224864;0.554530072288987;0.7011024490756191;3.2394903064314485e-05;3.118751002088772e-05;0.9392289119132275;0.49135735661309043;0.6471064925330945;
69;0.0005662360078677639;0.0006935928647552974;0.9123807097592852;0.5185604798727167;0.7018621505300987;0.00022394620677078782;0.00018053316851829462;0.9513783737956503;0.5561583360388863;0.7092806272412436;2.9480681271333356e-05;2.9613925339698816e-05;0.9391423488469836;0.495294112215081;0.6563864636814521;
72;0.0005573249779509134;0.0006901770317513352;0.9141560617295305;0.5052727703151679;0.7149410906818411;0.000194338002044468;0.0001591228676260411;0.9513307321498726;0.5630563760383734;0.7060264367632099;2.853108030125729e-05;2.9839649651557617e-05;0.9405764880489492;0.5028333853440673;0.6519092992348462;
75;0.0005466467265416683;0.0006839490886310739;0.9150956411104095;0.5301050352192933;0.7153261101833518;0.00020246227390420006;0.0001645306355365217;0.9543590066402852;0.5916644112263745;0.7184892084860112;2.2984009049424776e-05;2.3723238422543843e-05;0.949370143597514;0.5383179060228753;0.6688881705726982;
79;0.0005379524263642596;0.0006806662367071714;0.9153749144181437;0.5247566979067042;0.7230013900278369;0.00018531436525376854;0.000153908080397654;0.9544570863339474;0.5664334157470852;0.7155425173922942;2.8623256804846573e-05;2.722348858619257e-05;0.9482119191958508;0.5237503291026524;0.6672512177895139;
83;0.0005253425121067077;0.0006824815256061854;0.9153021180627331;0.5256439137669285;0.7217691814402178;0.0001818253760171508;0.00015156356500399396;0.9574211068567942;0.5767783282457641;0.7310966593298821;2.5362093096696414e-05;2.4389368044706368e-05;0.9528680311137901;0.5277594534983332;0.6740193658266345;
87;0.0005135550816511035;0.0006764002406179166;0.9166950168856944;0.5478256739847038;0.7394872218704198;0.00017190992081394667;0.00014682681498589018;0.9586963835401312;0.6077840202178479;0.7240476581237415;2.4415008336036362e-05;2.3112044097563646e-05;0.9547365937853828;0.5522015753486744;0.6891956760981027;
91;0.0005078484107955434;0.0006769202997124797;0.9154065041735123;0.5541447714586437;0.7401425739285933;0.00015341436085825638;0.00012649740599686692;0.9607091122350101;0.5994740556341981;0.7473728072321268;2.083897006367018e-05;2.0322505779230637e-05;0.9579228199097026;0.5460504493409775;0.700494433761688;
95;0.0005003641315511238;0.0006754903654841203;0.9142800071839008;0.5365817076308343;0.7474610001503682;0.00015442597795542438;0.0001276372255332786;0.9635567795993848;0.6231901550146544;0.7396949801701599;2.2654498657004168e-05;2.29972625099053e-05;0.9540342954001564;0.5457167825529421;0.6867557710725598;
100;0.0004905657186077148;0.0006703769133988605;0.9152590109723657;0.5557043584832153;0.7511137525450359;0.00015427436083190836;0.00012814345614595586;0.9650331210373806;0.6270963571936099;0.7530799434669019;2.0488603683382042e-05;1.9210450724519743e-05;0.958317513218259;0.5426523938133092;0.6986580582123755;
104;0.000480560409575321;0.0006634452324937594;0.915977789508735;0.565218493944909;0.7670600903068271;0.0001460542451876564;0.0001260447247290353;0.9655913046115516;0.6560652104793185;0.7607021048565923;1.9917662295991574e-05;2.03487978595127e-05;0.9626553025485431;0.5817085804189054;0.7162047568504534;
109;0.0004757558922375015;0.000658597102856804;0.9143180012911545;0.5683555378932738;0.7573554736491549;0.00014305568225749768;0.00012175869521916457;0.964906457802533;0.642343128907508;0.7594580020279397;1.7715663322447085e-05;1.7423888143294866e-05;0.963674571828589;0.5569336025271293;0.7245140396346286;
114;0.0004671511546462633;0.0006569103209354043;0.9131523604873288;0.5776805448836526;0.766710292081749;0.00014509867618377992;0.00012540486790582652;0.9663919378255189;0.668560502924574;0.7691920978898195;1.8628184145918442e-05;1.7323301208611377e-05;0.9655386310209777;0.5763927246414282;0.7248819090145453;
120;0.00045932110671115755;0.0006500016648719489;0.9132925128706102;0.5907325171231942;0.7687632493029396;0.00013845014824199662;0.00011857457073744706;0.9682810293648173;0.6425868915616282;0.7676517399750052;1.4853311483857978e-05;1.5606748438421383e-05;0.966749689069438;0.596935086492574;0.7281136921723367;
125;0.00045102878520027163;0.0006504790187237906;0.9111446178317198;0.5789497395768206;0.774375354372961;0.00013598697856731404;0.00012094516508345971;0.9682051759802498;0.6666816349574056;0.7818974129392909;1.591147455005816e-05;1.506302533210763e-05;0.9701643839532972;0.5881978639090182;0.7350050520722052;
131;0.00044369104707830205;0.0006439999237118259;0.9104990222357835;0.5987024207522068;0.7813351798463378;0.0001365809899317453;0.00012052616620069266;0.9696524755983281;0.6323321405485273;0.790165244696574;1.6513104536733103e-05;1.5816812909385604e-05;0.9692334862895375;0.5923425485397088;0.7415089017471806;
138;0.0004343380925119556;0.0006466833721265967;0.9071704557059822;0.5856075391497146;0.7736343671087196;0.00013389087340091204;0.0001215017921203406;0.9703421955776114;0.6898522445257427;0.7881166285853974;1.4911869603821488e-05;1.383273686287505e-05;0.9706810484635451;0.5910547292434506;0.7482782030608325;
144;0.0004268939797753415;0.0006387551040573701;0.9057642858604602;0.615163004050193;0.7825396158632819;0.0001317408881665336;0.00011933238483564786;0.9699570231760577;0.6989352764111625;0.7903819470955935;1.39815598443706e-05;1.372211311713267e-05;0.9698765900171958;0.6114556695266979;0.7442390649352417;
151;0.0004186095307146965;0.0006341052632854454;0.903753357981192;0.6039794707178316;0.7790492064894442;0.00013105442713385866;0.00011929717601169192;0.9703558652084782;0.6806202175905822;0.7965429620204367;1.246923561917137e-05;1.2401976188877414e-05;0.9738405972366885;0.6204191463100612;0.762584901660736;
158;0.0004126649183827959;0.0006273155481184119;0.9022225993167605;0.6038940169681807;0.7813915465153176;0.00013498243685490936;0.0001252299973715804;0.9704043137634991;0.6817692827824933;0.8008351352098845;1.264396436439962e-05;1.2318058588396219e-05;0.9737223240619859;0.6137461255150746;0.7539732312311631;
165;0.00040709633405022636;0.0006230963851590111;0.8996984549979722;0.6194853286742855;0.7863356559594208;0.00012766664631663887;0.00011838808237776911;0.9713335702991752;0.7001989550281629;0.8030384699187162;1.1575637129793956e-05;1.1257431409196362e-05;0.9763462583182516;0.6134731845614756;0.7750197623911992;
173;0.00040204794167500137;0.0006145461544886835;0.8977233230149267;0.6290165653344068;0.790829930415079;0.00013093364635555097;0.00012011876596032336;0.9716286982494169;0.7201839581794649;0.809583203697359;1.2254305352878264e-05;1.1222448371752209e-05;0.9777842459331642;0.6521814661097722;0.7801953301809276;
181;0.0003938214736722999;0.0006099137191202869;0.8941380242214115;0.6193711887558965;0.7862646303997395;0.0001286888487043398;0.0001213697949228504;0.971446753787833;0.7159005362397812;0.8202393815372465;1.1184256029929764e-05;1.049529285814913e-05;0.976947474584644;0.6143602650216395;0.7668355287383551;
190;0.0003892235945992538;0.0006017168897480443;0.8920953765596542;0.6298539723581743;0.792468874047495;0.00012979407427412374;0.00012232357847637477;0.9708411512186189;0.7429219875795467;0.8155128529587692;9.296656441443023e-06;8.9623222819312e-06;0.9812749240988079;0.6643600401848456;0.7914824481940755;
199;0.00038310180875022684;0.0005952486272199116;0.8882337282554449;0.6264536795850416;0.7862338954597664;0.00013183472873375026;0.00012561765190447876;0.9696479971758171;0.7221585144826687;0.825730865498483;9.789893163083373e-06;8.770375864285267e-06;0.9808918482333521;0.666657438029174;0.7925157226674623;
208;0.0003772381854679697;0.0005867834543296088;0.8858167787680142;0.6406551717249911;0.7903833135678777;0.00013253625692462095;0.00012706065909708097;0.9697003702229174;0.7275644981074312;0.8275151163844009;9.136594287178105e-06;8.739175061356374e-06;0.9802834933675219;0.6598123671027271;0.7921362559436376;
218;0.0003721162989032404;0.0005807656399947458;0.8820730018792587;0.6489170918776677;0.7906880744659237;0.00013666563943752765;0.00013194179531214706;0.9689299759779698;0.7492298379069061;0.8349456560261722;9.423018155225127e-06;8.807551737535493e-06;0.9809713074068236;0.674602202543851;0.7793412123373858;
229;0.00036575239100676267;0.0005707796622937417;0.8789884097247718;0.6594482579447491;0.7940130260455668;0.0001361407548673205;0.0001338913239625232;0.9679471960330936;0.736116057662658;0.8436161003112221;8.571976211709578e-06;7.732034361208641e-06;0.9831612060556245;0.660260962624097;0.7978216620340564;
239;0.00036048868451946954;0.0005617983702091423;0.8764276070621206;0.6746776117014798;0.8033204614703727;0.00012338171563985173;0.0001195435301726951;0.9695619983097621;0.7402258265554981;0.8406881899819277;7.558906957447546e-06;6.904457823450463e-06;0.984192570080436;0.6822220426098283;0.8224351218773498;
251;0.0003561914180807632;0.0005552333804578434;0.872160253327385;0.6910374645232746;0.8043154970038359;0.00011702979819210775;0.00011403140646832714;0.9705232086349045;0.7659747109416728;0.8449304845316172;8.1080943882611e-06;8.066239166051603e-06;0.9845575599491126;0.6739254100451821;0.8106064783844826;
263;0.00035092187726062056;0.0005454516982724227;0.8688496578672543;0.6922924784622451;0.8095453901984075;0.00010956834676862599;0.00010588067348864023;0.9716413004905001;0.7529704384730543;0.8411098559367327;7.290993663597354e-06;6.91673091913034e-06;0.9849500407344339;0.6725847174527678;0.8152011159233588;
275;0.000346176558914011;0.0005366610378619044;0.8659732045830263;0.7102255126688357;0.8038754928771802;0.00010070504415929148;9.664673029374981e-05;0.9723669142337314;0.7104631892997719;0.8526662280385638;7.221203886494836e-06;6.8119177058063425e-06;0.985594140611122;0.6661348534527547;0.823911324551762;
288;0.0003415001230256264;0.000527436782716298;0.8623223701492349;0.7031317256319735;0.8070749417931248;9.101139033966107e-05;8.721617344652685e-05;0.9738752524285299;0.763899903288201;0.8376299325956046;6.339302181600046e-06;5.858963123489271e-06;0.9869141754677638;0.7293366975813782;0.8154458407492992;
301;0.00033724650409932975;0.0005204194517473263;0.85788314814728;0.6859951103475617;0.8089727439010512;8.870857198365299e-05;8.51361452137499e-05;0.9738427258427396;0.7589136534469507;0.8342681910779641;5.856956087556256e-06;5.548852985583149e-06;0.9875542045339248;0.7113843151492649;0.8258038819352579;
316;0.00033316441879996974;0.000508483295110005;0.8545310668126005;0.6957786173673909;0.8181203574336823;8.17736663540467e-05;7.718897637422483e-05;0.975838276275071;0.7641166564739313;0.8515836371597134;5.809853595163972e-06;5.402899020513979e-06;0.9882644252573292;0.7236067049699929;0.8211646760050532;
331;0.0003276364890767416;0.0004995490267345757;0.8497188219523957;0.7167398226635706;0.8087608448855033;7.700036806732018e-05;7.288516181257285e-05;0.9763676531279804;0.7687315119500734;0.8420616424656049;6.313889787265678e-06;5.6950324919568625e-06;0.9883873102582281;0.7384268075800388;0.831207230604996;
346;0.0003236912592990726;0.0004889565881879442;0.8463942372268655;0.7178066219549799;0.8099460717965069;7.415110077647344e-05;6.997488329308832e-05;0.9765319515963228;0.7690565444861348;0.8515147792564611;5.598066289948931e-06;5.178184797935672e-06;0.9895010292408257;0.7375642292490119;0.8449363237292766;
363;0.00031914241796787636;0.00047774473763300714;0.8423558493491111;0.7270505704594511;0.8147215547577075;6.963179648492204e-05;6.5866531915312e-05;0.9769462214739275;0.7449699413014246;0.845992820028473;5.199294687761255e-06;4.832195780042361e-06;0.9890218874814447;0.7297690741482757;0.8338704847855699;
380;0.0003140471467201108;0.0004675730132476804;0.8383997039596548;0.7286443879124268;0.814179768178713;6.439479578862614e-05;5.9987126718841515e-05;0.9783367256001664;0.7682202068226527;0.8520045443174473;4.636231894605811e-06;4.004670343871764e-06;0.9913254275181649;0.7409047915475563;0.8560748668047968;
398;0.0003092294925606864;0.0004571274743755898;0.8341723499960595;0.7235173193545071;0.8137219145527124;6.207544480942407e-05;5.755719480742769e-05;0.9787598296952119;0.7727069509989206;0.8570836796006562;4.465450068000811e-06;4.079260800162381e-06;0.9912087895425523;0.7376180154735065;0.8575124813357723;
416;0.00030471658280278337;0.0004474002352334305;0.8295195636885888;0.7260734462610207;0.812437530241787;5.9705188011399376e-05;5.532028006817719e-05;0.9789994827154921;0.7620357491593616;0.8598525816031621;4.352735054424955e-06;3.914836756969567e-06;0.9914458397477574;0.7496604841060054;0.8608711687243529;
436;0.000299284321512287;0.0004373977101551674;0.8242354012018613;0.7290307971014494;0.8165957223321004;5.5401410832801156e-05;5.1412654580840285e-05;0.9794275974359562;0.7633685256823555;0.8672599322818707;3.872516486586164e-06;3.424526678911231e-06;0.9921665250402842;0.754248937918413;0.865712488947217;
457;0.00029294788769235614;0.0004278776042344508;0.8183813564212044;0.7449341438703141;0.8221121783893742;5.089266329193507e-05;4.699584315266166e-05;0.9805920610244672;0.7616611076823411;0.8650298063451728;3.83916449853903e-06;3.35186353453929e-06;0.9922999553140095;0.7941447053436076;0.8685533444147788;
478;0.0002881643525086064;0.0004182587547538606;0.8132928459789864;0.7627415458937199;0.8193951571328687;4.729552957985541e-05;4.295930912243609e-05;0.981462580935415;0.7819582797403721;0.8616447338746469;4.05031214676282e-06;3.517165965033675e-06;0.9921345718101021;0.7243314671339901;0.8622732542093973;
501;0.00028367779326364284;0.0004068738789887424;0.809270345388454;0.7746736560797614;0.8211558794846169;4.626456659230998e-05;4.218605827452566e-05;0.9813119708717549;0.788450786939159;0.8737731104223384;3.7966697929662733e-06;3.3091013197972833e-06;0.9930164407229554;0.7693955746175912;0.8760788765676277;
524;0.0002796453449451368;0.00039561474192575014;0.8051544758281287;0.7727053140096615;0.828624957632121;4.424327822940904e-05;3.9896181209217484e-05;0.9817550005308237;0.781837957990622;0.8665764363175787;3.241302874450491e-06;2.8477843750677366e-06;0.9934399541612876;0.7823511622070771;0.8778976477045163;
549;0.00027463093777099523;0.00038516619216369483;0.7999441920190555;0.7639479905437351;0.8316412179471079;4.2023079733981225e-05;3.7519318664059215e-05;0.9823790294010045;0.8074140673673028;0.8767080331456065;3.044606838986906e-06;2.68561941273619e-06;0.9939092646772473;0.7789343804583171;0.8840780204426667;
575;0.00026978397037294254;0.0003742700354244424;0.7949247086575097;0.7554322129715283;0.83763893685853;3.976922526008876e-05;3.523239861489098e-05;0.9826166891102588;0.7818031915436879;0.8672957798589411;2.783019339099308e-06;2.474456673901761e-06;0.9941915683217452;0.7945928445220659;0.8823090383741238;
602;0.00026511914755433726;0.0003639412409222582;0.7896126796169978;0.7564600678384211;0.8359937997595952;3.846933963831097e-05;3.370115282903887e-05;0.9830104369364103;0.7719283639755773;0.8813746913243723;2.7773812505855003e-06;2.3837663716648154e-06;0.9946307383985709;0.7826197827324045;0.8881664294899282;
630;0.0002603358377293813;0.00035207518516237933;0.7862109195076253;0.7390507760304246;0.8321707688233885;3.662325342328453e-05;3.205334365084002e-05;0.9831543673079352;0.7909882042245486;0.8762769023666539;2.785259685680279e-06;2.331018605929241e-06;0.9948863876025057;0.80162873491058;0.8963590789071405;
660;0.000255179740461026;0.00034181944521708015;0.7805818138974269;0.7492753623188407;0.8309458033901919;3.693012076846639e-05;3.207215489501552e-05;0.9828105342056103;0.7955615586191279;0.8797767073380296;2.8101443198638156e-06;2.3503364770185736e-06;0.9946614360799237;0.7926164641868635;0.8920615651619698;
691;0.0002506748172387431;0.0003305729488908701;0.7762535714361145;0.7572946859903382;0.8348683409115082;3.391003713666651e-05;2.9005110338341966e-05;0.9838884020286417;0.7908746490788312;0.8863494120928243;2.242221971968635e-06;1.8495332128943275e-06;0.9957970143362347;0.8177560470813694;0.8976732077579022;
724;0.0002456115798735668;0.00031952110372808127;0.771716385206253;0.7487537259738926;0.8379810587128549;3.1419331913277806e-05;2.6348214792665753e-05;0.9848103822693459;0.8290540826435667;0.8869975700856474;2.424247099866663e-06;1.915474692231733e-06;0.9955763719545233;0.8069524464855016;0.9037547287186071;
758;0.00024061544403150355;0.0003087349966725298;0.7672580118351032;0.7446474457806559;0.8457560144223741;3.204031427629183e-05;2.7058352142976756e-05;0.9838968766137388;0.8067662898155229;0.8934365030941819;2.1983409530559643e-06;1.7976210192547863e-06;0.9957768228122197;0.7994693968553227;0.9081161497734324;
794;0.0002354134303661905;0.00029800777687473895;0.7634851566137871;0.7550349470654744;0.8416581966008926;3.087733204702832e-05;2.575663163412011e-05;0.9840472650014069;0.8127387627539295;0.8885054807648258;2.0696315960144304e-06;1.6649539576081295e-06;0.9960853261292388;0.8060587193058741;0.9045181374993904;
831;0.0002309299246570896;0.0002867568656229838;0.7608618178240257;0.7752898550724636;0.8478967901652127;3.03855138636342e-05;2.502464057719509e-05;0.9840056034768686;0.8285753895068592;0.8917410553060826;1.9275400682531322e-06;1.5361039401969615e-06;0.9964343811207824;0.8152869187323181;0.9131206167134214;
870;0.0002260511583276775;0.00027512062184530426;0.759009508749946;0.7626205159831434;0.8483594203851675;2.885366444311519e-05;2.3615475151320314e-05;0.9843777240745519;0.802236798529798;0.8951353693658086;1.7504059117281802e-06;1.3415842063173338e-06;0.9968585766707851;0.8454458878551335;0.9196836705564179;
912;0.00022137059278574164;0.0002629196900598346;0.7578294890694501;0.7856115502854631;0.8532280884495915;2.908103373380577e-05;2.3472635591580636e-05;0.9839397627687201;0.8171465484642881;0.890916050104396;1.7727402935429641e-06;1.3754478455768496e-06;0.996866279292206;0.826257326259854;0.9170053265841793;
954;0.0002162969378393029;0.00025222303448748675;0.7553051099105234;0.7750241545893717;0.8537378392217103;2.88458500119391e-05;2.310153341579074e-05;0.9836248191010601;0.8155604287859088;0.8927145035637646;1.5966610313540815e-06;1.2355626534659416e-06;0.9971599196321846;0.8453548776804589;0.9225843735653356;
1000;0.00021067848237269398;0.0002408122967411597;0.7546234950952609;0.7766183574879226;0.8537428752029278;2.701477185366889e-05;2.1312385157743198e-05;0.9842875396465269;0.831066978465866;0.8973587968449093;1.5549355899923573e-06;1.1595769527148792e-06;0.9973816105666164;0.8481801038858549;0.9294976455990458;
1047;0.00020495157917261594;0.00023015446660959094;0.753504637498587;0.783623188405797;0.860099052540913;2.7832249697780126e-05;2.169899149878523e-05;0.9834926813899937;0.8288356827370867;0.8991819830932211;1.2842956686707975e-06;9.516063970379545e-07;0.9977218946884384;0.8554292601896119;0.9336696766907772;
1096;0.00019951283678054478;0.00021852476873171798;0.7550594212005773;0.7736231884057971;0.8618744113598492;2.6565893641004323e-05;2.0325043504661797e-05;0.9840203944254443;0.8327660324171953;0.8996820155377847;1.3380363421510697e-06;9.971050705087908e-07;0.9977254608720095;0.8747649086276424;0.9309381915293463;
1148;0.00019394404152474627;0.00020739562270740848;0.7559125901617866;0.7784186452872854;0.8690276395993384;2.498416716191828e-05;1.8830672244550805e-05;0.9845851702673771;0.8291200883316595;0.9002843750925479;1.338032419520419e-06;9.384788605235197e-07;0.997817614334223;0.8559171760089169;0.9381290734127076;
1202;0.000188332081711524;0.00019602970443247604;0.7587984111370288;0.7780193236714973;0.8714766130653367;2.5198912764447804e-05;1.8726192814154498e-05;0.9841005122832285;0.8350022688243112;0.9061508805287335;1.144980308661905e-06;8.012576561421085e-07;0.9980967880646279;0.8540143964562568;0.938898862411669;
1258;0.00018281230507085928;0.00018472821197142926;0.7628949644941588;0.8134343434343433;0.8770298828727514;2.2771527756708208e-05;1.6556222048471694e-05;0.9854189918407114;0.8154234274666474;0.8980664553482878;1.1907073564969425e-06;8.14556282368001e-07;0.9981399206986769;0.8684377504074042;0.9363809791142393;
1318;0.0001762578974824409;0.00017410974437590752;0.7664790074221237;0.7467751053551239;0.886349543803703;1.939539934803505e-05;1.3872305655065225e-05;0.9872399015330705;0.8023025100737381;0.8864038499597929;9.949067734567256e-07;6.592925728448045e-07;0.9984398895076162;0.8791394518067802;0.9447260055354432;
1380;0.00017001354287541335;0.00016310720814856626;0.7729945425076734;0.7733451536643023;0.8788773891216574;1.748743229767677e-05;1.207538295900992e-05;0.9885151014257758;0.8297653408270192;0.8839613119385176;1.0239558248045256e-06;6.62772126477886e-07;0.9984406559035172;0.8612638007986844;0.940748845316297;
1445;0.0001634364943482021;0.00015281995473588475;0.7793022322183767;0.770205057045945;0.8859608911329616;1.503618870210628e-05;1.0091088840060454e-05;0.9899754067813896;0.8014717774988197;0.8823037737648284;9.311475858140105e-07;5.76734910726593e-07;0.9986392423868916;0.8601853250109063;0.948755483640994;
1513;0.00015716550823629803;0.0001422201170871598;0.7882134460488096;0.7777777777777775;0.8844843864965297;1.3399357364506514e-05;8.741674996123787e-06;0.990975317102992;0.7951671341372952;0.8877955122050011;8.846365172446937e-07;5.478858858144987e-07;0.9987108369411662;0.8713210011139676;0.9477769812424659;
1584;0.00015037766598133373;0.0001320455526624612;0.7980613222758379;0.7426688251618873;0.8921030684989248;1.147754409882396e-05;7.248629931047184e-06;0.9922142689281956;0.8155728307194433;0.8857935589510103;8.12474393398649e-07;4.746162618684924e-07;0.998881357063671;0.8922225250642719;0.958518478096172;
1659;0.00014381019876403577;0.00012062746098432299;0.813231266632888;0.7402173913043479;0.8980631741205827;9.965824122627963e-06;6.109137619194499e-06;0.9931831723655502;0.8069272349378516;0.8842451191201264;7.340428482519657e-07;4.324772156457796e-07;0.9989827799302029;0.8817106426418616;0.9546897979612146;
1737;0.00013665747905108167;0.00011049767450183361;0.8266772281698127;0.7351988899167438;0.903261114872489;8.712477202990631e-06;5.131198558654898e-06;0.9940436173257069;0.8017289900303045;0.8910176861979539;6.661491018506087e-07;3.7942965860015e-07;0.9990761097818494;0.8898915416215472;0.9570323664648781;
1819;0.0001294575791521296;0.00010007815401223088;0.8423559056375478;0.7351988899167438;0.9047619047619043;7.19057451860023e-06;4.0787079071617964e-06;0.9950209314112188;0.8149018350484476;0.8908660499641504;5.751477399932463e-07;3.1870232456519065e-07;0.9992229179541796;0.9144855900386244;0.9568238080476184;
1905;0.00012193747306354843;9.011476575755833e-05;0.8587571010413088;0.809635485287659;0.9116402488340627;6.285240233757753e-06;3.4363904822684144e-06;0.9956456407716139;0.7934029699573014;0.8961423831565496;5.225970467552902e-07;2.7176614286318183e-07;0.9993424557208749;0.9024526522824877;0.9630335844275422;
1995;0.00011421772200787412;8.060607336220635e-05;0.8754006626545591;0.7807729468599032;0.9049116058133267;4.907880200876614e-06;2.5382423123507846e-06;0.9966303674392918;0.8020464575654106;0.9143264787139983;4.918605649461832e-07;2.4956553803153307e-07;0.9993857750480437;0.912386894633066;0.9656863371490125;
2089;0.00010646683019722376;7.148547589874672e-05;0.8925329422734612;0.7788888888888885;0.9167701596648963;4.356377346988721e-06;2.1523218439454695e-06;0.9970313857673806;0.7862561625114599;0.9209295132412877;4.638933065244725e-07;2.18869254549412e-07;0.9994570366007548;0.9215784782432542;0.9680796583429865;
2187;9.847777862834801e-05;6.246992619509887e-05;0.9105896395168096;0.7956565656565657;0.9213102686786896;3.6173369645906517e-06;1.6964993889255752e-06;0.9975692614929547;0.8201327990971515;0.9276032139836451;3.904778978351137e-07;1.7767208490274044e-07;0.9995667497467727;0.9235610296302301;0.972427994041744;
2290;9.02944404466717e-05;5.415871170075537e-05;0.9274517054282206;0.818181818181818;0.9233173076923082;2.9215839612615073e-06;1.2831084736362774e-06;0.9980736663313676;0.8293892375244695;0.9322550501705278;3.796894843954911e-07;1.6162483879878615e-07;0.9996086326533595;0.938472706155633;0.9722112259144013;
2398;8.206768894866117e-05;4.598128833678003e-05;0.9439011293221349;0.858509513742072;0.9412785516626803;2.6644968161535992e-06;1.0941409367192844e-06;0.9983049500682323;0.8317264804625774;0.9362653202430756;3.1835573319098045e-07;1.2710808347288384e-07;0.9996846201486197;0.9436633984280043;0.9758325651566357;
2511;7.360704923727385e-05;3.8482652100074326e-05;0.9577001573825974;0.893798449612403;0.9323671497584546;2.076634228677287e-06;8.044391539313125e-07;0.9986936317801471;0.8618636842810067;0.9315500421729084;2.707427186126514e-07;1.0088979311795809e-07;0.9997472226757484;0.9481416957026715;0.9795161115918269;
2630;6.503088945961412e-05;3.172650938706124e-05;0.9695297242641105;0.859487315010571;0.9415376858496322;1.6186535041820216e-06;5.742771636636224e-07;0.9990221016511934;0.8659961579984267;0.9395115425726471;2.9085731477889205e-07;9.757183493296121e-08;0.9997564354336342;0.9529826054074496;0.983168171239593;
2754;5.651135195269221e-05;2.546027772575841e-05;0.9798752639032553;0.8604651162790699;0.9412785516626803;1.1360182763111688e-06;3.65799529722298e-07;0.9993432549070572;0.8898915416215475;0.9498911889411301;2.5028850539746643e-07;7.714310891526655e-08;0.9998089193462432;0.9577526132404182;0.9817146055030299;
2884;4.793994731932394e-05;1.969280991813916e-05;0.9875952199203665;0.9047619047619043;0.9412785516626803;7.91844550022822e-07;2.2630850898030896e-07;0.9995706154097033;0.9175898028989351;0.962844261017878;1.8692199943967281e-07;5.101917693691918e-08;0.9998693231844058;0.9731707317073174;0.9839229145692308;
3019;3.962211470868581e-05;1.4681141511220077e-05;0.9931724280851304;0.9025470653377626;0.9417475728155343;7.295400537042331e-07;1.8260704291772963e-07;0.9996480169617896;0.9099405038145821;0.9589747851561831;1.8608257536979254e-07;4.489380038035626e-08;0.9998885873644471;0.958885017421603;0.986140665353854;
3162;3.134364409906162e-05;1.0382816796485133e-05;0.9965843372824796;0.9047619047619043;0.9417475728155343;5.136571237178837e-07;1.1180830185079128e-07;0.9997752828016149;0.9283310374631984;0.9700632508213951;1.3220192612130995e-07;2.7398295845237624e-08;0.9999293066375795;0.9660859465737516;0.9898243928870498;
3311;2.342127612971915e-05;6.700259451860421e-06;0.998587594259537;0.9047619047619043;0.9512195121951222;3.7348955878249425e-07;6.56323385804396e-08;0.9998647642039962;0.9543391945547365;0.9800730967927191;1.0100537950361438e-07;1.7912117526945655e-08;0.9999541060215211;0.9708478513356565;0.9925592625109747;
3467;1.6028535748733723e-05;3.827641326405793e-06;0.9996762467221444;0.9026578073089697;0.9603060736489722;2.1654486854768143e-07;3.0925986636156165e-08;0.9999313992237171;0.9662020905923348;0.9856955027288452;7.823882740394493e-08;1.0145336998660173e-08;0.9999733383224881;0.9926829268292686;0.9960199004975125;
3630;9.163493022276176e-06;1.649109759820662e-06;0.9999390201964655;0.9261904761904765;0.9607843137254907;1.0919273805541593e-07;1.0289545312029175e-08;0.9999766027053407;0.9782810685249713;0.9950298014876116;4.9420757870428065e-08;4.446900124710713e-09;0.9999879219181768;0.9902439024390247;0.9980099502487565;
3801;3.372069177382513e-06;3.564964064873181e-07;0.9999955731466506;0.9512195121951222;0.8566806632213608;4.3143504128935315e-08;2.3220044495489382e-09;0.9999942000461992;0.9902439024390247;0.9995024875621894;2.8135739821312283e-08;1.3529482374533392e-09;0.9999960774047411;0.9951219512195125;0.9985074626865673;
3981;5.7789842524372785e-08;6.989556238507026e-10;0.9999999996250003;1.0000000000000002;1.0000000000000002;2.4546363923760184e-09;1.1038084891712583e-11;0.999999964599986;1.0000000000000002;1.0000000000000002;2.496577291034807e-09;1.2838637918601486e-11;0.9999999553702946;1.0000000000000002;1.0000000000000002;
4000;0;0;1.0000000000000002;1.0000000000000002;1.0000000000000002;0;0;1.0000000000000002;1.0000000000000002;1.0000000000000002;0;0;1.0000000000000002;1.0000000000000002;1.0000000000000002;

Eccentricity
Closeless;Further BFS;Random
nSamples;Expected MSE;MSE;Spearman Correlation;Jaccard 1%;Jaccard 5%;Expected MSE;MSE;Spearman Correlation;Jaccard 1%;Jaccard 5%;Expected MSE;MSE;Spearman Correlation;Jaccard 1%;Jaccard 5%
1;31.050000000000004;2.7069500000000004;0.2534307061366315;0.03445672231745744;0.19868819618313352;28.3;2.9669375;0.2593151946607911;0.04954642608398729;0.2272667445318686;31.050000000000004;2.751925;0.2520479557925381;0.04046971094811984;0.20464985772633057;
2;17.175;1.4218;0.3129600694054274;0.10543954990886775;0.3956669296063455;0.175;1.2782750000000003;0.3211284098777847;0.17875398020838057;0.41597586663374897;3.95;1.7631249999999998;0.33159245933715215;0.10382553972583607;0.28429021557792994;
3;12.066666666666663;0.9744375000000001;0.33605226136601557;0.42772401496847606;0.42772401496847606;0.3833333333333333;0.9756625;0.3568197207583892;0.4475220653920942;0.4475220653920942;1.9000000000000004;1.3540000000000003;0.3530730481835784;0.2027534241087895;0.516948000809804;
4;8.9625;0.6558375;0.3496335206513219;0.28322771265982377;0.28322771265982377;0.5125000000000001;0.7413875;0.3432373725854375;0.3307688698457571;0.3307688698457571;1.3375000000000004;1.0894624999999998;0.37769666194522644;0.3880397893405646;0.4952227047317993;
5;7.3500000000000005;0.557625;0.341627249676091;0.20755826712750639;0.20755826712750639;0.5700000000000001;0.6762625;0.35477825745161884;0.3048389870920176;0.3048389870920176;1.2100000000000004;1.0161;0.3787461203042072;0.3810348583798906;0.4668796237194579;
6;6.150000000000001;0.5024499999999998;0.33994436758455887;0.16089668845830166;0.16089668845830166;0.6166666666666667;0.5766875;0.34573815009487247;0.2293073368488579;0.2293073368488579;1.0499999999999998;0.9070249999999999;0.39520483927378564;0.4480199701326392;0.4480199701326392;
7;5.307142857142857;0.46178749999999996;0.3388219029633597;0.11996091056861549;0.1732502874121597;0.5357142857142857;0.5092749999999999;0.33994153793891896;0.16765923667615565;0.16765923667615565;0.7571428571428572;0.785275;0.3818500228906638;0.3826187467882457;0.3826187467882457;
8;4.687500000000001;0.44246250000000004;0.3455269069936938;0.10294862138086405;0.2647248595884368;0.5812499999999999;0.49597500000000005;0.3288000919261031;0.14966598968486874;0.14966598968486874;0.7875000000000001;0.7715374999999998;0.39007803789375367;0.3844913593274633;0.3844913593274633;
9;4.1944444444444455;0.4139375;0.35685347189748085;0.07874805016737133;0.4543324759642528;0.5722222222222223;0.47108750000000005;0.3334265288866671;0.1264648906804961;0.2038762401401317;0.6666666666666666;0.7442875;0.4000794651386968;0.3811314908773585;0.3811314908773585;
10;3.840000000000001;0.39715;0.36842581938446667;0.0660208414335873;0.5599982811245015;0.5750000000000001;0.45719999999999994;0.3325720269799265;0.11211777866644908;0.24265142714002258;0.7100000000000002;0.6952249999999999;0.38450186089318633;0.33920364879105586;0.33920364879105586;
11;3.481818181818181;0.38205000000000006;0.3744901650563879;0.051649748339378194;0.6121921130782345;0.5272727272727273;0.4435500000000001;0.333437537827431;0.0978010002202333;0.3858312320319996;0.6681818181818181;0.6522875;0.3791894805106868;0.31083267193697933;0.31083267193697933;
12;3.229166666666667;0.37095000000000006;0.3886741068735015;0.047233022934075275;0.617898826290865;0.5583333333333335;0.45621249999999997;0.3253193567821162;0.10673107561087723;0.2392221283007906;0.6541666666666665;0.6181624999999998;0.3620251943791596;0.2737624713742391;0.2737624713742391;
13;2.988461538461537;0.3582999999999999;0.40148097019469353;0.039649486707698814;0.6237387557522572;0.6;0.45078750000000006;0.32808268811420893;0.10240652003032576;0.33679620215747524;0.6153846153846154;0.5874375000000002;0.3536497131178823;0.24690117688976249;0.24690117688976249;
14;2.746428571428571;0.34962499999999996;0.4126450539079802;0.03608510873075898;0.6283757286791518;0.525;0.43723749999999995;0.33021647018825745;0.08898496425994473;0.35473009527366745;0.6357142857142857;0.6166375;0.370668233108189;0.2791585875001048;0.2791585875001048;
15;2.63;0.3338125;0.4335315230578592;0.09401252491970832;0.6372662180331214;0.5733333333333334;0.43510000000000004;0.3357980566880569;0.0900958050671726;0.405808749584228;0.6166666666666667;0.589275;0.3621858298101435;0.25125352987345945;0.25125352987345945;
16;2.415625;0.3254;0.4455986410713948;0.06020755890786092;0.6425321575304461;0.540625;0.4236999999999999;0.33588674167883575;0.07704548699547668;0.4548190940568422;0.5812499999999999;0.58075;0.35091329680834693;0.24050968472477174;0.24050968472477174;
17;2.2911764705882356;0.31425000000000003;0.46107629714485243;0.08921456939709808;0.6491522186816479;0.538235294117647;0.4147124999999999;0.3387287375547367;0.06906289116914939;0.5970363879094409;0.5882352941176471;0.5755375;0.3519578431384769;0.2368909101944673;0.2368909101944673;
18;2.1694444444444447;0.3122750000000001;0.4633292829022181;0.11925795728957074;0.6502618894425916;0.5388888888888888;0.4162374999999999;0.33789350929907835;0.06993913066941163;0.5498148940964591;0.5638888888888889;0.5545;0.3350929369608457;0.20941362169679717;0.20941362169679717;
19;2.057894736842105;0.2995750000000001;0.48394707460989916;0.28109849353540367;0.6591964591495916;0.5210526315789473;0.39615;0.35765219342926724;0.05824856273868401;0.5818405424141708;0.5105263157894737;0.550675;0.3418831965809695;0.2088509255598114;0.2088509255598114;
20;1.92;0.2863;0.503794552064603;0.4805535868023741;0.6684489922911444;0.56;0.40882500000000005;0.3389252524814914;0.06211616620474518;0.549335981939851;0.5575;0.5604500000000001;0.342631529845217;0.21735346924954568;0.21735346924954568;
21;1.878571428571429;0.285775;0.5040411535249806;0.4452246528705244;0.6684162340661103;0.6023809523809524;0.41037499999999993;0.3333535473875763;0.06078641024587754;0.5968238396832861;0.5452380952380953;0.5287875000000001;0.32554724789976863;0.17972536155022548;0.17972536155022548;
22;1.802272727272727;0.27854999999999996;0.5137751506587811;0.6087737695983618;0.6731357007666734;0.5909090909090909;0.4024374999999999;0.34131726602502144;0.05594076644440092;0.6001251289039542;0.5;0.5281875;0.32545070616908023;0.17942274942105077;0.17942274942105077;
23;1.7543478260869565;0.2789;0.5131964169883466;0.6406804384932663;0.6728265225216314;0.5239130434782607;0.389925;0.35672933954586855;0.05024457272464406;0.6062621458943583;0.5499999999999999;0.5130625000000001;0.3182553554596347;0.1613099206004348;0.1613099206004348;
25;1.5880000000000003;0.263575;0.5377516060810925;0.6845802130217986;0.6845802130217986;0.5460000000000003;0.3906375;0.35134940048631297;0.047821307265980585;0.6048909516324121;0.4960000000000001;0.5084875000000001;0.3173495618407011;0.15616609538138418;0.18077170439422693;
26;1.5173076923076918;0.2556375;0.5510737339297791;0.6910950647713191;0.6910950647713191;0.5884615384615385;0.3867750000000001;0.35627419273726907;0.0460278276481149;0.6067645269917863;0.46153846153846156;0.5112625000000001;0.31376383363479743;0.15730944077325026;0.15730944077325026;
27;1.4685185185185186;0.2487;0.5614642867112256;0.6963410976115023;0.6963410976115023;0.5129629629629628;0.3801125;0.3637453454384713;0.04261669658886894;0.609932825816743;0.5055555555555556;0.500375;0.3093197116503737;0.14441867774922867;0.14441867774922867;
28;1.4160714285714282;0.24566249999999998;0.5658020557286193;0.6985552550054476;0.6985552550054476;0.5160714285714286;0.3761875;0.368002095495697;0.040305206463195686;0.6116484499410278;0.5089285714285715;0.5110875;0.31082930598300745;0.15554126282080405;0.15554126282080405;
30;1.3299999999999998;0.2309625;0.5902097102937152;0.7112055816213008;0.7112055816213008;0.5616666666666666;0.3775875;0.36390764623974226;0.07159684097293607;0.6105673060320199;0.4966666666666667;0.4942125;0.3002591751234107;0.13328001679716014;0.15901987099786422;
31;1.3064516129032255;0.2283125;0.5940833374745882;0.7132748281044345;0.7132748281044345;0.5016129032258064;0.3679375;0.37820806110644367;0.03633303411131059;0.6156923595154276;0.4725806451612903;0.48605;0.3037563575692953;0.12680636702240936;0.15292164988413948;
33;1.2090909090909092;0.2193125;0.6085490669189333;0.720946145854339;0.720946145854339;0.48484848484848486;0.352025;0.4004957889237205;0.03072170499366519;0.6246291567419373;0.4924242424242425;0.48423750000000004;0.301785054487432;0.12401745819236097;0.14923268373203638;
34;1.188235294117647;0.211975;0.6209456388774852;0.7278194921496536;0.7278194921496536;0.526470588235294;0.3655;0.38143607132257573;0.035434482055941234;0.6170970206932515;0.4632352941176471;0.47130000000000005;0.2949945022347904;0.1071809030955089;0.20783309545718004;
36;1.1305555555555558;0.19854999999999995;0.6426193801389535;0.7399636292265914;0.7399636292265914;0.47222222222222227;0.3518625;0.39877542699044544;0.060360478631313545;0.6240132889656377;0.4722222222222222;0.4801875;0.2959804630744944;0.11677615684715324;0.14258033955701324;
38;1.069736842105263;0.1996;0.6409214590511977;0.7390552916115393;0.7390552916115393;0.5039473684210526;0.34805;0.40522092499278844;0.09211040287295472;0.6268436870647462;0.45526315789473687;0.4619875;0.2988342643478663;0.09907211969998153;0.2793844554102372;
39;1.0371794871794875;0.18992499999999995;0.6567436032790028;0.7481233605166283;0.7481233605166283;0.4961538461538461;0.3400125;0.4158806844220568;0.08839466799820572;0.6308467353541486;0.4910256410256411;0.4695874999999999;0.29541143921663304;0.10551431543627426;0.20687302067180038;
41;0.9780487804878052;0.18146250000000003;0.6711499832760895;0.7566804512868959;0.7566804512868959;0.4902439024390245;0.3383375;0.4181980717582435;0.024910233393177744;0.6319877743718278;0.4719512195121952;0.44933750000000006;0.3021696092500269;0.08733192728112228;0.4436959481196001;
43;0.955813953488372;0.176725;0.6790230301226824;0.7613172410985753;0.7613172410985753;0.4232558139534883;0.319975;0.444545733884336;0.24101791013539042;0.6428465205747839;0.4569767441860465;0.4594375;0.29199953627401715;0.092846884257525;0.29896794058450205;
45;0.9199999999999998;0.17258750000000003;0.685890187561393;0.7656307327444177;0.7656307327444177;0.41333333333333333;0.3225875;0.4414719770981954;0.21102986073721494;0.6415537413332494;0.4733333333333334;0.45301249999999993;0.29600907880714206;0.0881612598298748;0.32025004367478693;
47;0.878723404255319;0.1639875;0.7003250348985842;0.774379509153603;0.774379509153603;0.42127659574468085;0.3163875;0.45101554748728223;0.3700609099761916;0.6455380460307837;0.4648936170212767;0.4552;0.2954826393166742;0.08996876468700081;0.39624367303047187;
50;0.8310000000000002;0.15789999999999998;0.7108389096646047;0.7809630292772552;0.7809630292772552;0.42300000000000015;0.31402500000000005;0.45417778637348527;0.46523022931135677;0.6470866395084041;0.4560000000000001;0.4424125;0.2984590222997008;0.07783865454577016;0.44013685624283405;
52;0.8057692307692306;0.1514;0.721611792800189;0.7877841473402892;0.7877841473402892;0.42980769230769234;0.3061125;0.466595173252191;0.4663042185448303;0.6524396668252567;0.4375;0.43470000000000003;0.30071856440035105;0.07063966607834302;0.5365161774587306;
54;0.7740740740740741;0.14627500000000002;0.7301940619082594;0.7933033454379421;0.7933033454379421;0.4092592592592593;0.3130375;0.4548860480312114;0.4629246100362098;0.6472141444619701;0.4472222222222222;0.44569999999999993;0.2954889224227689;0.07988446727606473;0.48872449687169595;
57;0.7350877192982457;0.1426875;0.7365187951220633;0.79741272126942;0.79741272126942;0.3973684210526315;0.3101624999999999;0.4592164062417109;0.46440423272786585;0.6492208445639226;0.42719298245614035;0.44312499999999994;0.2915873784964826;0.07508222564803921;0.5099260504709585;
60;0.7008333333333332;0.13355;0.7520144138439929;0.8075717471468818;0.8075717471468818;0.3516666666666667;0.29827499999999996;0.4791806272553723;0.5650118103990828;0.6577814758195938;0.44750000000000006;0.43331250000000004;0.29591494505275895;0.06642191271737896;0.5354843513996156;
63;0.6682539682539682;0.12957500000000002;0.7589323952169159;0.8121980837809688;0.8121980837809688;0.39682539682539675;0.30348749999999997;0.4697494883514704;0.5016333001286157;0.6541479468189288;0.41904761904761906;0.4304125;0.298200391987066;0.06442833088881425;0.585334023176075;
66;0.6348484848484849;0.120875;0.7740283146201544;0.8224157236884302;0.8224157236884302;0.3833333333333333;0.2971875;0.4817365224662997;0.5324094551122704;0.6587035393624662;0.45984848484848484;0.419525;0.30556894703844323;0.055809931191016404;0.5890816871604788;
69;0.6173913043478262;0.11936249999999998;0.7766432378561365;0.8242408129642376;0.8242408129642376;0.38840579710144923;0.30280000000000007;0.4715278037944929;0.5610719738112503;0.6544036251655979;0.42246376811594205;0.4184875;0.31295092101426947;0.05884062138305815;0.5909934515080507;
72;0.6006944444444445;0.1109625;0.7914598669860261;0.8345015740297664;0.8345015740297664;0.37430555555555556;0.298875;0.47714388442369077;0.5645193908086431;0.656987358426431;0.4208333333333332;0.415225;0.31118433070853846;0.05385996409335726;0.5910553044131059;
75;0.5706666666666667;0.10795000000000002;0.796766339707994;0.838218909755782;0.838218909755782;0.36933333333333335;0.29;0.4914724818349782;0.6329875131190951;0.6633786208847966;0.41200000000000003;0.4131125;0.31512065513334253;0.05360931027511511;0.5924702143518074;
79;0.5620253164556962;0.102725;0.8060999733139061;0.8448784354362879;0.8448784354362879;0.4227848101265823;0.2993625;0.47701386870991797;0.5949126827077846;0.6569245311776756;0.4044303797468355;0.4059749999999999;0.3190315224155015;0.04746409335727111;0.5947919886140858;
83;0.519879518072289;0.09806250000000001;0.8144058104320141;0.8508252214252596;0.8508252214252596;0.38313253012048193;0.2889875;0.4938642771546089;0.6642584152682303;0.6642584152682303;0.41144578313253016;0.4021125;0.32863506195044384;0.04813734290843806;0.5974834335983223;
87;0.5137931034482759;0.0946875;0.8203783489032891;0.8551423902512182;0.8551423902512182;0.36954022988505747;0.287775;0.4953088519313443;0.6336102964234708;0.6650102095256399;0.4333333333333333;0.40517499999999995;0.3214235238438998;0.04773217494541112;0.5953456114319073;
91;0.4928571428571429;0.0884125;0.8316373731438851;0.8633748734208063;0.8633748734208063;0.3653846153846153;0.28624999999999995;0.4978874507049101;0.6347660210992483;0.6662166092675971;0.3840659340659341;0.40503749999999994;0.32106985632568824;0.04748653500897666;0.5953604387496635;
95;0.4789473684210526;0.085075;0.8376662506591084;0.8678313052353785;0.8678313052353785;0.35736842105263156;0.2846;0.49919864117196744;0.6667804752950738;0.6667804752950738;0.413157894736842;0.38957500000000006;0.3396407620123176;0.039429982046678635;0.6023812124354998;
100;0.46100000000000013;0.080525;0.8458413898224129;0.8738883805608781;0.8738883805608781;0.39150000000000007;0.28581249999999997;0.49824264872647955;0.6352984466312804;0.6664543538839983;0.3960000000000001;0.39798750000000005;0.3287644738914719;0.04335727109515262;0.5984086612438847;
104;0.4485576923076922;0.07919999999999999;0.8482782070242914;0.8757411220537658;0.8757411220537658;0.35336538461538464;0.27178749999999996;0.5216903275347049;0.6771630407549186;0.6771630407549186;0.4024038461538461;0.3833375;0.34849437527627336;0.03698384201077198;0.6056064028229463;
109;0.4275229357798166;0.07446249999999999;0.8570157400072023;0.8823504835337528;0.8823504835337528;0.36055045871559627;0.27695000000000003;0.5124320790886455;0.6727369152757695;0.6727369152757695;0.39954128440366987;0.38955;0.3390260738552361;0.03911492300368974;0.602446818284967;
114;0.417982456140351;0.0710625;0.8631308727064015;0.8869759336083115;0.8869759336083115;0.3469298245614035;0.26786250000000006;0.5266047332438691;0.679571714599467;0.679571714599467;0.3763157894736842;0.3789875;0.35179383654612406;0.033640035906642725;0.607285901601492;
120;0.39749999999999996;0.06505000000000001;0.8742064958178064;0.8954943423106194;0.8954943423106194;0.34874999999999995;0.26330000000000003;0.5349518300046102;0.6833380201698902;0.6833380201698902;0.3804166666666667;0.3799;0.3526406623001125;0.06720397218546799;0.607424767460736;
125;0.38799999999999996;0.06316250000000001;0.8776844656397325;0.8981924658819213;0.8981924658819213;0.3436;0.2589;0.5417053405647476;0.6867465443018046;0.6867465443018046;0.39319999999999994;0.37383750000000004;0.36047392153949265;0.03256283662477558;0.6103562397872515;
131;0.367557251908397;0.058149999999999986;0.8870528161969977;0.9055226555717572;0.9055226555717572;0.3362595419847328;0.257575;0.5441484020599026;0.6878680390773587;0.6878680390773587;0.3782442748091603;0.365025;0.37216318367495504;0.02870287253141831;0.6147665379114039;
138;0.3601449275362319;0.0554375;0.8921147889980865;0.9095041408321132;0.9095041408321132;0.34057971014492755;0.2613625;0.5370020040304017;0.684672448824093;0.684672448824093;0.38478260869565223;0.3664750000000001;0.37011842453835103;0.02908438061041293;0.6138517341954544;
144;0.3482638888888888;0.05169999999999999;0.8991298020938214;0.9150715808277015;0.9150715808277015;0.32986111111111105;0.24835000000000002;0.5588970129860285;0.6950878773756362;0.6950878773756362;0.3930555555555555;0.36098749999999996;0.37829458552370127;0.02740125673249551;0.6170356794130859;
151;0.34536423841059594;0.048650000000000006;0.9048913561861447;0.9196799317178149;0.9196799317178149;0.32052980132450326;0.24342499999999997;0.5669021941202556;0.6992000533494638;0.6992000533494638;0.34966887417218545;0.3446;0.4030629364169401;0.11623908341397782;0.6266422406564452;
158;0.32784810126582276;0.046037499999999995;0.9098420593875384;0.9236614195358488;0.9236614195358488;0.3237341772151899;0.23979999999999999;0.5729995358491907;0.7024397254744319;0.7024397254744319;0.35284810126582283;0.34891249999999996;0.39636262802981415;0.08539387221397551;0.6239203762199349;
165;0.3193939393939393;0.04353749999999999;0.9145950034545576;0.9275050375534103;0.9275050375534103;0.30454545454545456;0.23068750000000002;0.5879890787872141;0.7102279544315199;0.7102279544315199;0.3478787878787879;0.34002499999999997;0.4093618659023581;0.14645918796221902;0.6290615128901952;
173;0.31791907514450857;0.0408375;0.9197470339115316;0.9316969313729244;0.9316969313729244;0.28468208092485553;0.22176250000000003;0.6033176764052679;0.7184098869067949;0.7184098869067949;0.35664739884393065;0.3471;0.39864625746294574;0.1460480431814138;0.624923534706686;
181;0.31574585635359115;0.039437499999999986;0.9224237831660524;0.9338819779473939;0.9338819779473939;0.30027624309392265;0.22595;0.5959968027206172;0.7143566432945001;0.7143566432945001;0.357182320441989;0.33626249999999996;0.41560139181513106;0.26979387353055945;0.6313599223338429;
190;0.30394736842105263;0.0375125;0.9261134625550372;0.9369060547865325;0.9369060547865325;0.296578947368421;0.21885000000000002;0.607589599718456;0.7205258852171483;0.7205258852171483;0.348421052631579;0.3289124999999999;0.4273276331840422;0.303373149212666;0.6362157392243242;
199;0.3020100502512563;0.033712500000000006;0.9334238188562511;0.9429329748354532;0.9429329748354532;0.2829145728643216;0.207325;0.6270495145447937;0.731355904470111;0.731355904470111;0.3464824120603015;0.31956249999999997;0.4422090739578021;0.45780350806269887;0.6420085916983097;
208;0.2887019230769231;0.031450000000000006;0.9377937899785901;0.9465584017636967;0.9465584017636967;0.26225961538461545;0.198075;0.6421814481317487;0.7400070311117067;0.7400070311117067;0.3519230769230769;0.3284;0.4286927723248693;0.30308800022143906;0.6367466476404178;
218;0.2880733944954129;0.029837499999999993;0.9409162386488916;0.9491590736153653;0.9491590736153653;0.25917431192660556;0.19302500000000006;0.6511466132124893;0.7450533031932781;0.7450533031932781;0.3513761467889909;0.3145;0.4512067634040447;0.4621292905808522;0.6458659496597994;
229;0.27925764192139735;0.0280125;0.9444578701765053;0.9521187121308937;0.9521187121308937;0.23930131004366817;0.189725;0.6562991901376248;0.7482430048729691;0.7482430048729691;0.3403930131004367;0.31625;0.44665199839786407;0.5222320603036746;0.6441504632674372;
239;0.27594142259414234;0.026512499999999998;0.9473757294770007;0.9545658739784817;0.9545658739784817;0.23702928870292886;0.18403750000000002;0.6661889568964956;0.7537306609080763;0.7537306609080763;0.31129707112970706;0.29836250000000003;0.47713795580544555;0.6260090400491107;0.6569372391168558;
251;0.27928286852589634;0.02505;0.9502270904357357;0.9569653871381313;0.9569653871381313;0.23266932270916335;0.1808625;0.6710410746638097;0.7566523835615273;0.7566523835615273;0.32370517928286857;0.30591250000000003;0.463944461189887;0.5889241918003244;0.651281560125909;
263;0.2802281368821292;0.022837499999999997;0.9545504201456947;0.9606157931217574;0.9606157931217574;0.23821292775665398;0.18206250000000004;0.6695631073226457;0.7557961135892971;0.7557961135892971;0.31292775665399236;0.3003;0.4727638358996995;0.6247718488306493;0.6553113826941878;
275;0.27927272727272723;0.021025000000000002;0.9581025428729968;0.9636279778792014;0.9636279778792014;0.25000000000000006;0.1833875;0.6667934426575676;0.7540246434141775;0.7540246434141775;0.3136363636363636;0.2840000000000001;0.4996968321523865;0.6670186822062771;0.6670186822062771;
288;0.2765625;0.0188375;0.9624016657022773;0.9672885147406092;0.9672885147406092;0.22673611111111114;0.17916250000000003;0.674469797126454;0.7586854396651844;0.7586854396651844;0.32222222222222224;0.28903749999999995;0.4916054384599414;0.6633299976966104;0.6633299976966104;
301;0.28355481727574755;0.0160375;0.9679242161494084;0.9720148281137512;0.9720148281137512;0.22109634551495017;0.1773875;0.6772270479297489;0.7604659666147102;0.7604659666147102;0.30182724252491694;0.28106250000000005;0.5050863810176845;0.6694408899295669;0.6694408899295669;
316;0.28765822784810124;0.014162500000000001;0.9716344635091332;0.9752048316772103;0.9752048316772103;0.22405063291139238;0.17288750000000003;0.6849781339770902;0.7650793876743803;0.7650793876743803;0.3060126582278481;0.2809125;0.5044127359326378;0.669102437707936;0.669102437707936;
331;0.29229607250755285;0.013250000000000001;0.973443869139937;0.9767650462222298;0.9767650462222298;0.23459214501510572;0.17885000000000004;0.674681220970432;0.7588747135991012;0.7588747135991012;0.2948640483383685;0.276025;0.5124274990848459;0.6730603092437326;0.6730603092437326;
346;0.294364161849711;0.012412500000000002;0.9751067480861441;0.9782015419063768;0.9782015419063768;0.2104046242774566;0.164025;0.7001430897832344;0.7743725181890863;0.7743725181890863;0.29060693641618496;0.27013750000000003;0.522390184624468;0.677711314795855;0.677711314795855;
363;0.2951790633608815;0.010962499999999998;0.9779907501978156;0.9806988778799663;0.9806988778799663;0.22176308539944906;0.16679999999999998;0.69495115675222;0.7711027997260947;0.7711027997260947;0.29366391184573004;0.2619375;0.5361475915468841;0.6841492169089184;0.6841492169089184;
380;0.298157894736842;0.010175000000000002;0.979559689986556;0.9820605941532955;0.9820605941532955;0.20828947368421052;0.1619875;0.7035927913267299;0.7764276644916436;0.7764276644916436;0.2844736842105263;0.25992499999999996;0.5391696587356745;0.6856013412167058;0.6856013412167058;
398;0.30238693467336675;0.009287499999999999;0.9813299677822696;0.9835995555061041;0.9835995555061041;0.20967336683417087;0.161325;0.7046232271965424;0.7771682925040403;0.7771682925040403;0.2870603015075377;0.25552499999999995;0.5461565699669322;0.6889990418440871;0.6889990418440871;
416;0.30324519230769226;0.0085875;0.9827279796435896;0.9848169475730189;0.9848169475730189;0.20949519230769229;0.1545875;0.7161376356329587;0.7842834334787796;0.7842834334787796;0.2808894230769231;0.24306249999999993;0.5676115028462395;0.6996740435368879;0.6996740435368879;
436;0.3162844036697248;0.007712500000000001;0.984477701631021;0.9863432125608428;0.9863432125608428;0.20298165137614682;0.15391249999999995;0.717048292326752;0.7848949281276262;0.7848949281276262;0.2705275229357798;0.24253750000000002;0.5687055760359051;0.700213991911275;0.700213991911275;
457;0.32527352297593004;0.0068499999999999985;0.9862045247142934;0.9878519694052375;0.9878519694052375;0.20251641137855583;0.15491249999999998;0.7155049337371511;0.7840102879452379;0.7840102879452379;0.27177242888402625;0.2405875;0.5716944161131803;0.7016218457039869;0.7016218457039869;
478;0.3344142259414226;0.00645;0.9870060181751319;0.9885530092571501;0.9885530092571501;0.1989539748953975;0.1517125;0.7210482691463661;0.7874997088524692;0.7874997088524692;0.27196652719665276;0.2341625;0.5819638338571583;0.7070341634649937;0.7070341634649937;
501;0.3475049900199601;0.005962499999999999;0.9879835750099488;0.9894089088515525;0.9894089088515525;0.19471057884231535;0.14243750000000002;0.737041787540808;0.7977940898215817;0.7977940898215817;0.26347305389221554;0.22811250000000002;0.5926072186881877;0.7124748575880168;0.7124748575880168;
524;0.35906488549618326;0.0054625;0.9889869749805092;0.9902883446297963;0.9902883446297963;0.1909351145038168;0.1434875;0.7350844657431471;0.796456781494222;0.796456781494222;0.25572519083969464;0.22228750000000003;0.6019342289286074;0.717507813075123;0.717507813075123;
549;0.3667577413479053;0.0051;0.9897149736949298;0.990927026438871;0.990927026438871;0.19735883424408013;0.14302499999999999;0.7360807780846693;0.7972146426878277;0.7972146426878277;0.24690346083788706;0.21095000000000005;0.6202614134410606;0.7274641932603796;0.7274641932603796;
575;0.36939130434782613;0.005037500000000001;0.9898405267498486;0.9910372176204467;0.9910372176204467;0.1895652173913043;0.1373;0.7458841344382268;0.8035939084981535;0.8035939084981535;0.23356521739130437;0.20516250000000003;0.6306080332584955;0.7333085450330213;0.7333085450330213;
602;0.37691029900332224;0.004562500000000001;0.9907951565347312;0.9918755418909727;0.9918755418909727;0.1915282392026578;0.1338125;0.7520590605515425;0.8076681858804351;0.8076681858804351;0.236046511627907;0.19668750000000007;0.644739723201881;0.7411070623612378;0.7411070623612378;
630;0.3884920634920635;0.004325000000000001;0.9912726541985766;0.9922950772741223;0.9922950772741223;0.19007936507936507;0.1289375;0.7603153702470443;0.8132101352564999;0.8132101352564999;0.22888888888888884;0.19200000000000003;0.6524792599466844;0.7457796926685621;0.7457796926685621;
660;0.396590909090909;0.003987500000000001;0.9919516185587011;0.9928921064412335;0.9928921064412335;0.18249999999999997;0.125325;0.7666736070696344;0.8175761388907323;0.8175761388907323;0.22598484848484854;0.18912500000000004;0.65718363391561;0.7485027880506173;0.7485027880506173;
691;0.3973227206946455;0.003387499999999999;0.9931594763022902;0.9939551444615317;0.9939551444615317;0.18227206946454413;0.12404999999999998;0.7692355085074036;0.8193828946108394;0.8193828946108394;0.21548480463096958;0.1810125;0.6710478988081444;0.7568375150187878;0.7568375150187878;
724;0.40303867403314914;0.0027250000000000004;0.994494456744868;0.9951315755584894;0.9951315755584894;0.169267955801105;0.116875;0.7814269254962132;0.8276615372874345;0.8276615372874345;0.20794198895027624;0.17606250000000004;0.679295816599053;0.7616804345056479;0.7616804345056479;
758;0.41484168865435345;0.0023625000000000005;0.9952255787602778;0.9957766305335648;0.9957766305335648;0.17031662269129288;0.112675;0.7891231296830589;0.833022709007637;0.833022709007637;0.2098944591029024;0.167775;0.6936300953910614;0.7702597779316;0.7702597779316;
794;0.4201511335012595;0.001425;0.997118083449993;0.997448282088443;0.997448282088443;0.1757556675062973;0.1108;0.7923304454082777;0.8353133901336798;0.8353133901336798;0.20938287153652393;0.16377499999999995;0.7000324384462746;0.7741104518412409;0.7741104518412409;
831;0.42839951865222625;0.0013500000000000003;0.9972695798255448;0.9975822097206349;0.9975822097206349;0.15667870036101084;0.10469999999999999;0.8030084720050296;0.842787052652954;0.842787052652954;0.19283995186522265;0.1570375;0.7117107604687436;0.7816191422821007;0.7816191422821007;
870;0.43597701149425294;0.0012500000000000007;0.9974716142538288;0.9977608598298255;0.9977608598298255;0.1635632183908046;0.10293750000000002;0.8062954784109796;0.8451798726290507;0.8451798726290507;0.19132183908045974;0.15337499999999998;0.7180343510695921;0.7855101418663667;0.7855101418663667;
912;0.4425986842105263;0.0010000000000000002;0.9979768969379287;0.99820788530466;0.99820788530466;0.15860745614035088;0.09763749999999997;0.8157597925377181;0.8519319323244791;0.8519319323244791;0.19468201754385966;0.14408749999999998;0.7339169988734151;0.7957867998229302;0.7957867998229302;
954;0.4550314465408804;0.0010000000000000002;0.9979768969379287;0.99820788530466;0.99820788530466;0.15754716981132075;0.09467499999999998;0.8210708803493346;0.8557785952746914;0.8557785952746914;0.18474842767295596;0.144825;0.7327286967912328;0.7949626914905017;0.7949626914905017;
1000;0.46614999999999995;0.0007499999999999999;0.9984823765447453;0.9986553115194983;0.9986553115194983;0.15820000000000004;0.0971625;0.8166931024021896;0.8526610117574932;0.8526610117574932;0.18025;0.13372499999999998;0.7519266053117707;0.8075734725539125;0.8075734725539125;
1047;0.477984718242598;0.0005000000000000001;0.9989880533839558;0.9991031390134529;0.9991031390134529;0.14398280802292265;0.0871125;0.8346895009717393;0.8658732633407062;0.8658732633407062;0.16647564469914036;0.12309999999999999;0.7705267725963408;0.8202077362997291;0.8202077362997291;
1096;0.4907846715328468;0.0005000000000000001;0.9989880533839558;0.9991031390134529;0.9991031390134529;0.1461678832116788;0.08204999999999998;0.8437666449150462;0.8725579028952759;0.8725579028952759;0.1654653284671533;0.119225;0.7770714658580341;0.82467225771888;0.82467225771888;
1148;0.4969076655052264;0.0005000000000000001;0.9989880533839558;0.9991031390134529;0.9991031390134529;0.14451219512195124;0.0800125;0.8475806921739115;0.8753943472434835;0.8753943472434835;0.1533536585365854;0.10896249999999999;0.7952918155565165;0.8373348981850193;0.8373348981850193;
1202;0.4995008319467554;0.00025000000000000006;0.9994939277655828;0.9995513683266035;0.9995513683266035;0.1449667221297837;0.07798750000000002;0.8510915904550747;0.8780275011294341;0.8780275011294341;0.14916805324459234;0.10526250000000001;0.80192712447156;0.842093775048537;0.842093775048537;
1258;0.5104133545310017;0.00025000000000000006;0.9994939277655828;0.9995513683266035;0.9995513683266035;0.13195548489666137;0.07183749999999998;0.8625288322126557;0.8867258552503179;0.8867258552503179;0.15095389507154208;0.10226249999999999;0.8073107148307036;0.8459341179089358;0.8459341179089358;
1318;0.5206752655538696;0;1.0000000000000002;1.0000000000000002;1.0000000000000002;0.125;0.06636249999999999;0.8724333823166378;0.8943156645868445;0.8943156645868445;0.14757207890743548;0.09852500000000002;0.8138076882339444;0.8505151521726325;0.8505151521726325;
1380;0.5314130434782609;0;1.0000000000000002;1.0000000000000002;1.0000000000000002;0.12735507246376815;0.06546249999999999;0.8740558770564552;0.8955667254523537;0.8955667254523537;0.13724637681159418;0.0897625;0.8297834411675087;0.8622319360593625;0.8622319360593625;
1445;0.5316608996539793;0;1.0000000000000002;1.0000000000000002;1.0000000000000002;0.11996539792387544;0.06113749999999999;0.8820202317226353;0.9017839364249803;0.9017839364249803;0.131280276816609;0.0835;0.8408790058634099;0.8703551732069772;0.8703551732069772;
1513;0.5402181097157964;0;1.0000000000000002;1.0000000000000002;1.0000000000000002;0.11107072042300069;0.05698749999999999;0.889729367351566;0.907831590639638;0.907831590639638;0.12504957038995373;0.0767625;0.8532871759322328;0.8797518898663732;0.8797518898663732;
1584;0.540625;0;1.0000000000000002;1.0000000000000002;1.0000000000000002;0.10119949494949494;0.053300000000000014;0.8968897057486515;0.9135812422257391;0.9135812422257391;0.11376262626262629;0.0687;0.8678892830678906;0.8907957483887536;0.8907957483887536;
1659;0.5430982519590114;0;1.0000000000000002;1.0000000000000002;1.0000000000000002;0.10207956600361662;0.049199999999999994;0.9043576159163085;0.9194351717649374;0.9194351717649374;0.10735382760699216;0.06843750000000001;0.8684848132660352;0.891305539957606;0.891305539957606;
1737;0.5338802533103052;0;1.0000000000000002;1.0000000000000002;1.0000000000000002;0.09263097294185377;0.04521250000000001;0.9119229213876802;0.9255162495140403;0.9255162495140403;0.10218767990788714;0.05775000000000001;0.8882495177628622;0.9066711464793837;0.9066711464793837;
1819;0.5330951072017593;0;1.0000000000000002;1.0000000000000002;1.0000000000000002;0.08804288070368334;0.042;0.917966168886741;0.9303980553911004;0.9303980553911004;0.10607476635514018;0.057550000000000004;0.8885165193493745;0.9068090553963564;0.9068090553963564;
1905;0.5287139107611548;0;1.0000000000000002;1.0000000000000002;1.0000000000000002;0.08724409448818897;0.0381125;0.9254161456860787;0.9364908958689425;0.9364908958689425;0.09241469816272964;0.049925000000000004;0.9029828844568077;0.9183429701338681;0.9183429701338681;
1995;0.5227568922305765;0;1.0000000000000002;1.0000000000000002;1.0000000000000002;0.07989974937343358;0.0337;0.933729820216547;0.9433127697700388;0.9433127697700388;0.08947368421052632;0.044487500000000006;0.9131129288252331;0.9264283094650896;0.9264283094650896;
2089;0.5134514121589276;0;1.0000000000000002;1.0000000000000002;1.0000000000000002;0.07285782671134515;0.029337500000000002;0.9421908973342873;0.9503490379181064;0.9503490379181064;0.08221637146960269;0.039125;0.9234313934189259;0.9348731471620636;0.9348731471620636;
2187;0.4969821673525377;0;1.0000000000000002;1.0000000000000002;1.0000000000000002;0.06728395061728394;0.026375;0.9478635562786353;0.9550740316753885;0.9550740316753885;0.07551440329218106;0.034562499999999996;0.9319521758321252;0.9417957924193892;0.9417957924193892;
2290;0.48534934497816606;0;1.0000000000000002;1.0000000000000002;1.0000000000000002;0.06290393013100436;0.023462499999999997;0.9536680333146309;0.959994715065248;0.959994715065248;0.06807860262008733;0.029274999999999995;0.9421945718795912;0.9503007455336917;0.9503007455336917;
2398;0.4724979149291077;0;1.0000000000000002;1.0000000000000002;1.0000000000000002;0.059403669724770645;0.020887500000000003;0.9586531942234693;0.9642104189918633;0.9642104189918633;0.06672226855713095;0.0269;0.9467946030744709;0.9541517024542607;0.9541517024542607;
2511;0.4585822381521307;0;1.0000000000000002;1.0000000000000002;1.0000000000000002;0.05422142572680207;0.018;0.9642527014707123;0.9689509821477297;0.9689509821477297;0.059617682198327374;0.0215875;0.9571867553162995;0.962942548676793;0.962942548676793;
2630;0.4433079847908745;0;1.0000000000000002;1.0000000000000002;1.0000000000000002;0.04954372623574145;0.014562499999999999;0.9709912468216468;0.9747134811800813;0.9747134811800813;0.056311787072243345;0.019475000000000003;0.9612069820883473;0.966296745182755;0.966296745182755;
2754;0.42915758896151057;0;1.0000000000000002;1.0000000000000002;1.0000000000000002;0.040432098765432106;0.012050000000000002;0.9759611602978107;0.9790003068878766;0.9790003068878766;0.04693173565722585;0.014875000000000001;0.9704084296057662;0.9742260680755376;0.9742260680755376;
2884;0.4192961165048544;0;1.0000000000000002;1.0000000000000002;1.0000000000000002;0.03978848821081831;0.010450000000000001;0.979155190626948;0.9817661946727668;0.9817661946727668;0.04023925104022191;0.0112;0.9775600278089883;0.9803470210603509;0.9803470210603509;
3019;0.4023683338853925;0;1.0000000000000002;1.0000000000000002;1.0000000000000002;0.03135144087446174;0.007237499999999999;0.9855024603486213;0.9872695440856974;0.9872695440856974;0.03829082477641603;0.009875000000000002;0.9802506939301331;0.9827000812039879;0.9827000812039879;
3162;0.39339025932953836;0;1.0000000000000002;1.0000000000000002;1.0000000000000002;0.025205566097406703;0.0049;0.9901896304588895;0.9913741045673833;0.9913741045673833;0.029063883617963315;0.006387500000000001;0.9871523656604237;0.9886920620779552;0.9886920620779552;
3311;0.38992751434611905;0;1.0000000000000002;1.0000000000000002;1.0000000000000002;0.022425249169435214;0.0033374999999999998;0.9932971568629174;0.9940923339517187;0.9940923339517187;0.022878284506191483;0.003737499999999999;0.9924918338679795;0.993383506735261;0.993383506735261;
3467;0.39338044418805884;0;1.0000000000000002;1.0000000000000002;1.0000000000000002;0.014089991346985868;0.0016125;0.9967580378729127;0.9971383364957548;0.9971383364957548;0.020074992789154887;0.0026625000000000004;0.9946220622681009;0.9952459510565459;0.9952459510565459;
3630;0.4085537190082644;0;1.0000000000000002;1.0000000000000002;1.0000000000000002;0.01084022038567493;0.0010875000000000001;0.9978179897124326;0.9980747993898512;0.9980747993898512;0.012754820936639119;0.00105;0.9978762338913709;0.9981192810723746;0.9981192810723746;
3801;0.4344119968429361;0;1.0000000000000002;1.0000000000000002;1.0000000000000002;0.005551170744540908;0.00031250000000000006;0.9993675580034767;0.9994395120161725;0.9994395120161725;0.005248618784530386;0.0003875;0.9992158450281063;0.9993051435960625;0.9993051435960625;
3981;0.4796282341120322;0;1.0000000000000002;1.0000000000000002;1.0000000000000002;0.00045214770158251693;0;1.0000000000000002;1.0000000000000002;1.0000000000000002;0.000841497111278573;1.25e-05;0.9999746963882794;0.9999775684163305;0.9999775684163305;
4000;0.494875;0;1.0000000000000002;1.0000000000000002;1.0000000000000002;0;0;1.0000000000000002;1.0000000000000002;1.0000000000000002;0;0;1.0000000000000002;1.0000000000000002;1.0000000000000002;
